1e-30 -30 -inf
1.02329e-30 -29.99 -inf
1.04713e-30 -29.98 -inf
1.07152e-30 -29.97 -inf
1.09648e-30 -29.96 -inf
1.12202e-30 -29.95 -inf
1.14815e-30 -29.94 -inf
1.1749e-30 -29.93 -inf
1.20226e-30 -29.92 -inf
1.23027e-30 -29.91 -inf
1.25893e-30 -29.9 -inf
1.28825e-30 -29.89 -inf
1.31826e-30 -29.88 -inf
1.34896e-30 -29.87 -inf
1.38038e-30 -29.86 -inf
1.41254e-30 -29.85 -inf
1.44544e-30 -29.84 -inf
1.47911e-30 -29.83 -inf
1.51356e-30 -29.82 -inf
1.54882e-30 -29.81 -inf
1.58489e-30 -29.8 -inf
1.62181e-30 -29.79 -inf
1.65959e-30 -29.78 -inf
1.69824e-30 -29.77 -inf
1.7378e-30 -29.76 -inf
1.77828e-30 -29.75 -inf
1.8197e-30 -29.74 -inf
1.86209e-30 -29.73 -inf
1.90546e-30 -29.72 -inf
1.94984e-30 -29.71 -inf
1.99526e-30 -29.7 -inf
2.04174e-30 -29.69 -inf
2.0893e-30 -29.68 -inf
2.13796e-30 -29.67 -inf
2.18776e-30 -29.66 -inf
2.23872e-30 -29.65 -inf
2.29087e-30 -29.64 -inf
2.34423e-30 -29.63 -inf
2.39883e-30 -29.62 -inf
2.45471e-30 -29.61 -inf
2.51189e-30 -29.6 -inf
2.5704e-30 -29.59 -inf
2.63027e-30 -29.58 -inf
2.69153e-30 -29.57 -inf
2.75423e-30 -29.56 -inf
2.81838e-30 -29.55 -inf
2.88403e-30 -29.54 -inf
2.95121e-30 -29.53 -inf
3.01995e-30 -29.52 -inf
3.0903e-30 -29.51 -inf
3.16228e-30 -29.5 -inf
3.23594e-30 -29.49 -inf
3.31131e-30 -29.48 -inf
3.38844e-30 -29.47 -inf
3.46737e-30 -29.46 -inf
3.54813e-30 -29.45 -inf
3.63078e-30 -29.44 -inf
3.71535e-30 -29.43 -inf
3.80189e-30 -29.42 -inf
3.89045e-30 -29.41 -inf
3.98107e-30 -29.4 -inf
4.0738e-30 -29.39 -inf
4.16869e-30 -29.38 -inf
4.2658e-30 -29.37 -inf
4.36516e-30 -29.36 -inf
4.46684e-30 -29.35 -inf
4.57088e-30 -29.34 -inf
4.67735e-30 -29.33 -inf
4.7863e-30 -29.32 -inf
4.89779e-30 -29.31 -inf
5.01187e-30 -29.3 -inf
5.12861e-30 -29.29 -inf
5.24807e-30 -29.28 -inf
5.37032e-30 -29.27 -inf
5.49541e-30 -29.26 -inf
5.62341e-30 -29.25 -inf
5.7544e-30 -29.24 -inf
5.88844e-30 -29.23 -inf
6.0256e-30 -29.22 -inf
6.16595e-30 -29.21 -inf
6.30957e-30 -29.2 -inf
6.45654e-30 -29.19 -inf
6.60693e-30 -29.18 -inf
6.76083e-30 -29.17 -inf
6.91831e-30 -29.16 -inf
7.07946e-30 -29.15 -inf
7.24436e-30 -29.14 -inf
7.4131e-30 -29.13 -inf
7.58578e-30 -29.12 -inf
7.76247e-30 -29.11 -inf
7.94328e-30 -29.1 -inf
8.12831e-30 -29.09 -inf
8.31764e-30 -29.08 -inf
8.51138e-30 -29.07 -inf
8.70964e-30 -29.06 -inf
8.91251e-30 -29.05 -inf
9.12011e-30 -29.04 -inf
9.33254e-30 -29.03 -inf
9.54993e-30 -29.02 -inf
9.77237e-30 -29.01 -inf
1e-29 -29 -inf
1.02329e-29 -28.99 -inf
1.04713e-29 -28.98 -inf
1.07152e-29 -28.97 -inf
1.09648e-29 -28.96 -inf
1.12202e-29 -28.95 -inf
1.14815e-29 -28.94 -inf
1.1749e-29 -28.93 -inf
1.20226e-29 -28.92 -inf
1.23027e-29 -28.91 -inf
1.25893e-29 -28.9 -inf
1.28825e-29 -28.89 -inf
1.31826e-29 -28.88 -inf
1.34896e-29 -28.87 -inf
1.38038e-29 -28.86 -inf
1.41254e-29 -28.85 -inf
1.44544e-29 -28.84 -inf
1.47911e-29 -28.83 -inf
1.51356e-29 -28.82 -inf
1.54882e-29 -28.81 -inf
1.58489e-29 -28.8 -inf
1.62181e-29 -28.79 -inf
1.65959e-29 -28.78 -inf
1.69824e-29 -28.77 -inf
1.7378e-29 -28.76 -inf
1.77828e-29 -28.75 -inf
1.8197e-29 -28.74 -inf
1.86209e-29 -28.73 -inf
1.90546e-29 -28.72 -inf
1.94984e-29 -28.71 -inf
1.99526e-29 -28.7 -inf
2.04174e-29 -28.69 -inf
2.0893e-29 -28.68 -inf
2.13796e-29 -28.67 -inf
2.18776e-29 -28.66 -inf
2.23872e-29 -28.65 -inf
2.29087e-29 -28.64 -inf
2.34423e-29 -28.63 -inf
2.39883e-29 -28.62 -inf
2.45471e-29 -28.61 -inf
2.51189e-29 -28.6 -inf
2.5704e-29 -28.59 -inf
2.63027e-29 -28.58 -inf
2.69153e-29 -28.57 -inf
2.75423e-29 -28.56 -inf
2.81838e-29 -28.55 -inf
2.88403e-29 -28.54 -inf
2.95121e-29 -28.53 -inf
3.01995e-29 -28.52 -inf
3.0903e-29 -28.51 -inf
3.16228e-29 -28.5 -inf
3.23594e-29 -28.49 -inf
3.31131e-29 -28.48 -inf
3.38844e-29 -28.47 -inf
3.46737e-29 -28.46 -inf
3.54813e-29 -28.45 -inf
3.63078e-29 -28.44 -inf
3.71535e-29 -28.43 -inf
3.80189e-29 -28.42 -inf
3.89045e-29 -28.41 -inf
3.98107e-29 -28.4 -inf
4.0738e-29 -28.39 -inf
4.16869e-29 -28.38 -inf
4.2658e-29 -28.37 -inf
4.36516e-29 -28.36 -inf
4.46684e-29 -28.35 -inf
4.57088e-29 -28.34 -inf
4.67735e-29 -28.33 -inf
4.7863e-29 -28.32 -inf
4.89779e-29 -28.31 -inf
5.01187e-29 -28.3 -inf
5.12861e-29 -28.29 -inf
5.24807e-29 -28.28 -inf
5.37032e-29 -28.27 -inf
5.49541e-29 -28.26 -inf
5.62341e-29 -28.25 -inf
5.7544e-29 -28.24 -inf
5.88844e-29 -28.23 -inf
6.0256e-29 -28.22 -inf
6.16595e-29 -28.21 -inf
6.30957e-29 -28.2 -inf
6.45654e-29 -28.19 -inf
6.60693e-29 -28.18 -inf
6.76083e-29 -28.17 -inf
6.91831e-29 -28.16 -inf
7.07946e-29 -28.15 -inf
7.24436e-29 -28.14 -inf
7.4131e-29 -28.13 -inf
7.58578e-29 -28.12 -inf
7.76247e-29 -28.11 -inf
7.94328e-29 -28.1 -inf
8.12831e-29 -28.09 -inf
8.31764e-29 -28.08 -inf
8.51138e-29 -28.07 -inf
8.70964e-29 -28.06 -inf
8.91251e-29 -28.05 -inf
9.12011e-29 -28.04 -inf
9.33254e-29 -28.03 -inf
9.54993e-29 -28.02 -inf
9.77237e-29 -28.01 -inf
1e-28 -28 -inf
1.02329e-28 -27.99 -inf
1.04713e-28 -27.98 -inf
1.07152e-28 -27.97 -inf
1.09648e-28 -27.96 -inf
1.12202e-28 -27.95 -inf
1.14815e-28 -27.94 -inf
1.1749e-28 -27.93 -inf
1.20226e-28 -27.92 -inf
1.23027e-28 -27.91 -inf
1.25893e-28 -27.9 -inf
1.28825e-28 -27.89 -inf
1.31826e-28 -27.88 -inf
1.34896e-28 -27.87 -inf
1.38038e-28 -27.86 -inf
1.41254e-28 -27.85 -inf
1.44544e-28 -27.84 -inf
1.47911e-28 -27.83 -inf
1.51356e-28 -27.82 -inf
1.54882e-28 -27.81 -inf
1.58489e-28 -27.8 -inf
1.62181e-28 -27.79 -inf
1.65959e-28 -27.78 -inf
1.69824e-28 -27.77 -inf
1.7378e-28 -27.76 -inf
1.77828e-28 -27.75 -inf
1.8197e-28 -27.74 -inf
1.86209e-28 -27.73 -inf
1.90546e-28 -27.72 -inf
1.94984e-28 -27.71 -inf
1.99526e-28 -27.7 -inf
2.04174e-28 -27.69 -inf
2.0893e-28 -27.68 -inf
2.13796e-28 -27.67 -inf
2.18776e-28 -27.66 -inf
2.23872e-28 -27.65 -inf
2.29087e-28 -27.64 -inf
2.34423e-28 -27.63 -inf
2.39883e-28 -27.62 -inf
2.45471e-28 -27.61 -inf
2.51189e-28 -27.6 -inf
2.5704e-28 -27.59 -inf
2.63027e-28 -27.58 -inf
2.69153e-28 -27.57 -inf
2.75423e-28 -27.56 -inf
2.81838e-28 -27.55 -inf
2.88403e-28 -27.54 -inf
2.95121e-28 -27.53 -inf
3.01995e-28 -27.52 -inf
3.0903e-28 -27.51 -inf
3.16228e-28 -27.5 -inf
3.23594e-28 -27.49 -inf
3.31131e-28 -27.48 -inf
3.38844e-28 -27.47 -inf
3.46737e-28 -27.46 -inf
3.54813e-28 -27.45 -inf
3.63078e-28 -27.44 -inf
3.71535e-28 -27.43 -inf
3.80189e-28 -27.42 -inf
3.89045e-28 -27.41 -inf
3.98107e-28 -27.4 -inf
4.0738e-28 -27.39 -inf
4.16869e-28 -27.38 -inf
4.2658e-28 -27.37 -inf
4.36516e-28 -27.36 -inf
4.46684e-28 -27.35 -inf
4.57088e-28 -27.34 -inf
4.67735e-28 -27.33 -inf
4.7863e-28 -27.32 -inf
4.89779e-28 -27.31 -inf
5.01187e-28 -27.3 -inf
5.12861e-28 -27.29 -inf
5.24807e-28 -27.28 -inf
5.37032e-28 -27.27 -inf
5.49541e-28 -27.26 -inf
5.62341e-28 -27.25 -inf
5.7544e-28 -27.24 -inf
5.88844e-28 -27.23 -inf
6.0256e-28 -27.22 -inf
6.16595e-28 -27.21 -inf
6.30957e-28 -27.2 -inf
6.45654e-28 -27.19 -inf
6.60693e-28 -27.18 -inf
6.76083e-28 -27.17 -inf
6.91831e-28 -27.16 -inf
7.07946e-28 -27.15 -inf
7.24436e-28 -27.14 -inf
7.4131e-28 -27.13 -inf
7.58578e-28 -27.12 -inf
7.76247e-28 -27.11 -inf
7.94328e-28 -27.1 -inf
8.12831e-28 -27.09 -inf
8.31764e-28 -27.08 -inf
8.51138e-28 -27.07 -inf
8.70964e-28 -27.06 -inf
8.91251e-28 -27.05 -inf
9.12011e-28 -27.04 -inf
9.33254e-28 -27.03 -inf
9.54993e-28 -27.02 -inf
9.77237e-28 -27.01 -inf
1e-27 -27 -inf
1.02329e-27 -26.99 -inf
1.04713e-27 -26.98 -inf
1.07152e-27 -26.97 -inf
1.09648e-27 -26.96 -inf
1.12202e-27 -26.95 -inf
1.14815e-27 -26.94 -inf
1.1749e-27 -26.93 -inf
1.20226e-27 -26.92 -inf
1.23027e-27 -26.91 -inf
1.25893e-27 -26.9 -inf
1.28825e-27 -26.89 -inf
1.31826e-27 -26.88 -inf
1.34896e-27 -26.87 -inf
1.38038e-27 -26.86 -inf
1.41254e-27 -26.85 -inf
1.44544e-27 -26.84 -inf
1.47911e-27 -26.83 -inf
1.51356e-27 -26.82 -inf
1.54882e-27 -26.81 -inf
1.58489e-27 -26.8 -inf
1.62181e-27 -26.79 -inf
1.65959e-27 -26.78 -inf
1.69824e-27 -26.77 -inf
1.7378e-27 -26.76 -inf
1.77828e-27 -26.75 -inf
1.8197e-27 -26.74 -inf
1.86209e-27 -26.73 -inf
1.90546e-27 -26.72 -inf
1.94984e-27 -26.71 -inf
1.99526e-27 -26.7 -inf
2.04174e-27 -26.69 -inf
2.0893e-27 -26.68 -inf
2.13796e-27 -26.67 -inf
2.18776e-27 -26.66 -inf
2.23872e-27 -26.65 -inf
2.29087e-27 -26.64 -inf
2.34423e-27 -26.63 -inf
2.39883e-27 -26.62 -inf
2.45471e-27 -26.61 -inf
2.51189e-27 -26.6 -inf
2.5704e-27 -26.59 -inf
2.63027e-27 -26.58 -inf
2.69153e-27 -26.57 -inf
2.75423e-27 -26.56 -inf
2.81838e-27 -26.55 -inf
2.88403e-27 -26.54 -inf
2.95121e-27 -26.53 -inf
3.01995e-27 -26.52 -inf
3.0903e-27 -26.51 -inf
3.16228e-27 -26.5 -inf
3.23594e-27 -26.49 -inf
3.31131e-27 -26.48 -inf
3.38844e-27 -26.47 -inf
3.46737e-27 -26.46 -inf
3.54813e-27 -26.45 -inf
3.63078e-27 -26.44 -inf
3.71535e-27 -26.43 -inf
3.80189e-27 -26.42 -inf
3.89045e-27 -26.41 -inf
3.98107e-27 -26.4 -inf
4.0738e-27 -26.39 -inf
4.16869e-27 -26.38 -inf
4.2658e-27 -26.37 -inf
4.36516e-27 -26.36 -inf
4.46684e-27 -26.35 -inf
4.57088e-27 -26.34 -inf
4.67735e-27 -26.33 -inf
4.7863e-27 -26.32 -inf
4.89779e-27 -26.31 -inf
5.01187e-27 -26.3 -inf
5.12861e-27 -26.29 -inf
5.24807e-27 -26.28 -inf
5.37032e-27 -26.27 -inf
5.49541e-27 -26.26 -inf
5.62341e-27 -26.25 -inf
5.7544e-27 -26.24 -inf
5.88844e-27 -26.23 -inf
6.0256e-27 -26.22 -inf
6.16595e-27 -26.21 -inf
6.30957e-27 -26.2 -inf
6.45654e-27 -26.19 -inf
6.60693e-27 -26.18 -inf
6.76083e-27 -26.17 -inf
6.91831e-27 -26.16 -inf
7.07946e-27 -26.15 -inf
7.24436e-27 -26.14 -inf
7.4131e-27 -26.13 -inf
7.58578e-27 -26.12 -inf
7.76247e-27 -26.11 -inf
7.94328e-27 -26.1 -inf
8.12831e-27 -26.09 -inf
8.31764e-27 -26.08 -inf
8.51138e-27 -26.07 -inf
8.70964e-27 -26.06 -inf
8.91251e-27 -26.05 -inf
9.12011e-27 -26.04 -inf
9.33254e-27 -26.03 -inf
9.54993e-27 -26.02 -inf
9.77237e-27 -26.01 -inf
1e-26 -26 -inf
1.02329e-26 -25.99 -inf
1.04713e-26 -25.98 -inf
1.07152e-26 -25.97 -inf
1.09648e-26 -25.96 -inf
1.12202e-26 -25.95 -inf
1.14815e-26 -25.94 -inf
1.1749e-26 -25.93 -inf
1.20226e-26 -25.92 -inf
1.23027e-26 -25.91 -inf
1.25893e-26 -25.9 -inf
1.28825e-26 -25.89 -inf
1.31826e-26 -25.88 -inf
1.34896e-26 -25.87 -inf
1.38038e-26 -25.86 -inf
1.41254e-26 -25.85 -inf
1.44544e-26 -25.84 -inf
1.47911e-26 -25.83 -inf
1.51356e-26 -25.82 -inf
1.54882e-26 -25.81 -inf
1.58489e-26 -25.8 -inf
1.62181e-26 -25.79 -inf
1.65959e-26 -25.78 -inf
1.69824e-26 -25.77 -inf
1.7378e-26 -25.76 -inf
1.77828e-26 -25.75 -inf
1.8197e-26 -25.74 -inf
1.86209e-26 -25.73 -inf
1.90546e-26 -25.72 -inf
1.94984e-26 -25.71 -inf
1.99526e-26 -25.7 -inf
2.04174e-26 -25.69 -inf
2.0893e-26 -25.68 -inf
2.13796e-26 -25.67 -inf
2.18776e-26 -25.66 -inf
2.23872e-26 -25.65 -inf
2.29087e-26 -25.64 -inf
2.34423e-26 -25.63 -inf
2.39883e-26 -25.62 -inf
2.45471e-26 -25.61 -inf
2.51189e-26 -25.6 -inf
2.5704e-26 -25.59 -inf
2.63027e-26 -25.58 -inf
2.69153e-26 -25.57 -inf
2.75423e-26 -25.56 -inf
2.81838e-26 -25.55 -inf
2.88403e-26 -25.54 -inf
2.95121e-26 -25.53 -inf
3.01995e-26 -25.52 -inf
3.0903e-26 -25.51 -inf
3.16228e-26 -25.5 -inf
3.23594e-26 -25.49 -inf
3.31131e-26 -25.48 -inf
3.38844e-26 -25.47 -inf
3.46737e-26 -25.46 -inf
3.54813e-26 -25.45 -inf
3.63078e-26 -25.44 -inf
3.71535e-26 -25.43 -inf
3.80189e-26 -25.42 -inf
3.89045e-26 -25.41 -inf
3.98107e-26 -25.4 -inf
4.0738e-26 -25.39 -inf
4.16869e-26 -25.38 -inf
4.2658e-26 -25.37 -inf
4.36516e-26 -25.36 -inf
4.46684e-26 -25.35 -inf
4.57088e-26 -25.34 -inf
4.67735e-26 -25.33 -inf
4.7863e-26 -25.32 -inf
4.89779e-26 -25.31 -inf
5.01187e-26 -25.3 -inf
5.12861e-26 -25.29 -inf
5.24807e-26 -25.28 -inf
5.37032e-26 -25.27 -inf
5.49541e-26 -25.26 -inf
5.62341e-26 -25.25 -inf
5.7544e-26 -25.24 -inf
5.88844e-26 -25.23 -inf
6.0256e-26 -25.22 -inf
6.16595e-26 -25.21 -inf
6.30957e-26 -25.2 -inf
6.45654e-26 -25.19 -inf
6.60693e-26 -25.18 -inf
6.76083e-26 -25.17 -inf
6.91831e-26 -25.16 -inf
7.07946e-26 -25.15 -inf
7.24436e-26 -25.14 -inf
7.4131e-26 -25.13 -inf
7.58578e-26 -25.12 -inf
7.76247e-26 -25.11 -inf
7.94328e-26 -25.1 -inf
8.12831e-26 -25.09 -inf
8.31764e-26 -25.08 -inf
8.51138e-26 -25.07 -inf
8.70964e-26 -25.06 -inf
8.91251e-26 -25.05 -inf
9.12011e-26 -25.04 -inf
9.33254e-26 -25.03 -inf
9.54993e-26 -25.02 -inf
9.77237e-26 -25.01 -inf
1e-25 -25 -inf
1.02329e-25 -24.99 -inf
1.04713e-25 -24.98 -inf
1.07152e-25 -24.97 -inf
1.09648e-25 -24.96 -inf
1.12202e-25 -24.95 -inf
1.14815e-25 -24.94 -inf
1.1749e-25 -24.93 -inf
1.20226e-25 -24.92 -inf
1.23027e-25 -24.91 -inf
1.25893e-25 -24.9 -inf
1.28825e-25 -24.89 -inf
1.31826e-25 -24.88 -inf
1.34896e-25 -24.87 -inf
1.38038e-25 -24.86 -inf
1.41254e-25 -24.85 -inf
1.44544e-25 -24.84 -inf
1.47911e-25 -24.83 -inf
1.51356e-25 -24.82 -inf
1.54882e-25 -24.81 -inf
1.58489e-25 -24.8 -inf
1.62181e-25 -24.79 -inf
1.65959e-25 -24.78 -inf
1.69824e-25 -24.77 -inf
1.7378e-25 -24.76 -inf
1.77828e-25 -24.75 -inf
1.8197e-25 -24.74 -inf
1.86209e-25 -24.73 -inf
1.90546e-25 -24.72 -inf
1.94984e-25 -24.71 -inf
1.99526e-25 -24.7 -inf
2.04174e-25 -24.69 -inf
2.0893e-25 -24.68 -inf
2.13796e-25 -24.67 -inf
2.18776e-25 -24.66 -inf
2.23872e-25 -24.65 -inf
2.29087e-25 -24.64 -inf
2.34423e-25 -24.63 -inf
2.39883e-25 -24.62 -inf
2.45471e-25 -24.61 -inf
2.51189e-25 -24.6 -inf
2.5704e-25 -24.59 -inf
2.63027e-25 -24.58 -inf
2.69153e-25 -24.57 -inf
2.75423e-25 -24.56 -inf
2.81838e-25 -24.55 -inf
2.88403e-25 -24.54 -inf
2.95121e-25 -24.53 -inf
3.01995e-25 -24.52 -inf
3.0903e-25 -24.51 -inf
3.16228e-25 -24.5 -inf
3.23594e-25 -24.49 -inf
3.31131e-25 -24.48 -inf
3.38844e-25 -24.47 -inf
3.46737e-25 -24.46 -inf
3.54813e-25 -24.45 -inf
3.63078e-25 -24.44 -inf
3.71535e-25 -24.43 -inf
3.80189e-25 -24.42 -inf
3.89045e-25 -24.41 -inf
3.98107e-25 -24.4 -inf
4.0738e-25 -24.39 -inf
4.16869e-25 -24.38 -inf
4.2658e-25 -24.37 -inf
4.36516e-25 -24.36 -inf
4.46684e-25 -24.35 -inf
4.57088e-25 -24.34 -inf
4.67735e-25 -24.33 -inf
4.7863e-25 -24.32 -inf
4.89779e-25 -24.31 -inf
5.01187e-25 -24.3 -inf
5.12861e-25 -24.29 -inf
5.24807e-25 -24.28 -inf
5.37032e-25 -24.27 -inf
5.49541e-25 -24.26 -inf
5.62341e-25 -24.25 -inf
5.7544e-25 -24.24 -inf
5.88844e-25 -24.23 -inf
6.0256e-25 -24.22 -inf
6.16595e-25 -24.21 -inf
6.30957e-25 -24.2 -inf
6.45654e-25 -24.19 -inf
6.60693e-25 -24.18 -inf
6.76083e-25 -24.17 -inf
6.91831e-25 -24.16 -inf
7.07946e-25 -24.15 -inf
7.24436e-25 -24.14 -inf
7.4131e-25 -24.13 -inf
7.58578e-25 -24.12 -inf
7.76247e-25 -24.11 -inf
7.94328e-25 -24.1 -inf
8.12831e-25 -24.09 -inf
8.31764e-25 -24.08 -inf
8.51138e-25 -24.07 -inf
8.70964e-25 -24.06 -inf
8.91251e-25 -24.05 -inf
9.12011e-25 -24.04 -inf
9.33254e-25 -24.03 -inf
9.54993e-25 -24.02 -inf
9.77237e-25 -24.01 -inf
1e-24 -24 -inf
1.02329e-24 -23.99 -inf
1.04713e-24 -23.98 -inf
1.07152e-24 -23.97 -inf
1.09648e-24 -23.96 -inf
1.12202e-24 -23.95 -inf
1.14815e-24 -23.94 -inf
1.1749e-24 -23.93 -inf
1.20226e-24 -23.92 -inf
1.23027e-24 -23.91 -inf
1.25893e-24 -23.9 -inf
1.28825e-24 -23.89 -inf
1.31826e-24 -23.88 -inf
1.34896e-24 -23.87 -inf
1.38038e-24 -23.86 -inf
1.41254e-24 -23.85 -inf
1.44544e-24 -23.84 -inf
1.47911e-24 -23.83 -inf
1.51356e-24 -23.82 -inf
1.54882e-24 -23.81 -inf
1.58489e-24 -23.8 -inf
1.62181e-24 -23.79 -inf
1.65959e-24 -23.78 -inf
1.69824e-24 -23.77 -inf
1.7378e-24 -23.76 -inf
1.77828e-24 -23.75 -inf
1.8197e-24 -23.74 -inf
1.86209e-24 -23.73 -inf
1.90546e-24 -23.72 -inf
1.94984e-24 -23.71 -inf
1.99526e-24 -23.7 -inf
2.04174e-24 -23.69 -inf
2.0893e-24 -23.68 -inf
2.13796e-24 -23.67 -inf
2.18776e-24 -23.66 -inf
2.23872e-24 -23.65 -inf
2.29087e-24 -23.64 -inf
2.34423e-24 -23.63 -inf
2.39883e-24 -23.62 -inf
2.45471e-24 -23.61 -inf
2.51189e-24 -23.6 -inf
2.5704e-24 -23.59 -inf
2.63027e-24 -23.58 -inf
2.69153e-24 -23.57 -inf
2.75423e-24 -23.56 -inf
2.81838e-24 -23.55 -inf
2.88403e-24 -23.54 -inf
2.95121e-24 -23.53 -inf
3.01995e-24 -23.52 -inf
3.0903e-24 -23.51 -inf
3.16228e-24 -23.5 -inf
3.23594e-24 -23.49 -inf
3.31131e-24 -23.48 -inf
3.38844e-24 -23.47 -inf
3.46737e-24 -23.46 -inf
3.54813e-24 -23.45 -inf
3.63078e-24 -23.44 -inf
3.71535e-24 -23.43 -inf
3.80189e-24 -23.42 -inf
3.89045e-24 -23.41 -inf
3.98107e-24 -23.4 -inf
4.0738e-24 -23.39 -inf
4.16869e-24 -23.38 -inf
4.2658e-24 -23.37 -inf
4.36516e-24 -23.36 -inf
4.46684e-24 -23.35 -inf
4.57088e-24 -23.34 -inf
4.67735e-24 -23.33 -inf
4.7863e-24 -23.32 -inf
4.89779e-24 -23.31 -inf
5.01187e-24 -23.3 -inf
5.12861e-24 -23.29 -inf
5.24807e-24 -23.28 -inf
5.37032e-24 -23.27 -inf
5.49541e-24 -23.26 -inf
5.62341e-24 -23.25 -inf
5.7544e-24 -23.24 -inf
5.88844e-24 -23.23 -inf
6.0256e-24 -23.22 -inf
6.16595e-24 -23.21 -inf
6.30957e-24 -23.2 -inf
6.45654e-24 -23.19 -inf
6.60693e-24 -23.18 -inf
6.76083e-24 -23.17 -inf
6.91831e-24 -23.16 -inf
7.07946e-24 -23.15 -inf
7.24436e-24 -23.14 -inf
7.4131e-24 -23.13 -inf
7.58578e-24 -23.12 -inf
7.76247e-24 -23.11 -inf
7.94328e-24 -23.1 -inf
8.12831e-24 -23.09 -inf
8.31764e-24 -23.08 -inf
8.51138e-24 -23.07 -inf
8.70964e-24 -23.06 -inf
8.91251e-24 -23.05 -inf
9.12011e-24 -23.04 -inf
9.33254e-24 -23.03 -inf
9.54993e-24 -23.02 -inf
9.77237e-24 -23.01 -inf
1e-23 -23 -inf
1.02329e-23 -22.99 -inf
1.04713e-23 -22.98 -inf
1.07152e-23 -22.97 -inf
1.09648e-23 -22.96 -inf
1.12202e-23 -22.95 -inf
1.14815e-23 -22.94 -inf
1.1749e-23 -22.93 -inf
1.20226e-23 -22.92 -inf
1.23027e-23 -22.91 -inf
1.25893e-23 -22.9 -inf
1.28825e-23 -22.89 -inf
1.31826e-23 -22.88 -inf
1.34896e-23 -22.87 -inf
1.38038e-23 -22.86 -inf
1.41254e-23 -22.85 -inf
1.44544e-23 -22.84 -inf
1.47911e-23 -22.83 -inf
1.51356e-23 -22.82 -inf
1.54882e-23 -22.81 -inf
1.58489e-23 -22.8 -inf
1.62181e-23 -22.79 -inf
1.65959e-23 -22.78 -inf
1.69824e-23 -22.77 -inf
1.7378e-23 -22.76 -inf
1.77828e-23 -22.75 -inf
1.8197e-23 -22.74 -inf
1.86209e-23 -22.73 -inf
1.90546e-23 -22.72 -inf
1.94984e-23 -22.71 -inf
1.99526e-23 -22.7 -inf
2.04174e-23 -22.69 -inf
2.0893e-23 -22.68 -inf
2.13796e-23 -22.67 -inf
2.18776e-23 -22.66 -inf
2.23872e-23 -22.65 -inf
2.29087e-23 -22.64 -inf
2.34423e-23 -22.63 -inf
2.39883e-23 -22.62 -inf
2.45471e-23 -22.61 -inf
2.51189e-23 -22.6 -inf
2.5704e-23 -22.59 -inf
2.63027e-23 -22.58 -inf
2.69153e-23 -22.57 -inf
2.75423e-23 -22.56 -inf
2.81838e-23 -22.55 -inf
2.88403e-23 -22.54 -inf
2.95121e-23 -22.53 -inf
3.01995e-23 -22.52 -inf
3.0903e-23 -22.51 -inf
3.16228e-23 -22.5 -inf
3.23594e-23 -22.49 -inf
3.31131e-23 -22.48 -inf
3.38844e-23 -22.47 -inf
3.46737e-23 -22.46 -inf
3.54813e-23 -22.45 -inf
3.63078e-23 -22.44 -inf
3.71535e-23 -22.43 -inf
3.80189e-23 -22.42 -inf
3.89045e-23 -22.41 -inf
3.98107e-23 -22.4 -inf
4.0738e-23 -22.39 -inf
4.16869e-23 -22.38 -inf
4.2658e-23 -22.37 -inf
4.36516e-23 -22.36 -inf
4.46684e-23 -22.35 -inf
4.57088e-23 -22.34 -inf
4.67735e-23 -22.33 -inf
4.7863e-23 -22.32 -inf
4.89779e-23 -22.31 -inf
5.01187e-23 -22.3 -inf
5.12861e-23 -22.29 -inf
5.24807e-23 -22.28 -inf
5.37032e-23 -22.27 -inf
5.49541e-23 -22.26 -inf
5.62341e-23 -22.25 -inf
5.7544e-23 -22.24 -inf
5.88844e-23 -22.23 -inf
6.0256e-23 -22.22 -inf
6.16595e-23 -22.21 -inf
6.30957e-23 -22.2 -inf
6.45654e-23 -22.19 -inf
6.60693e-23 -22.18 -inf
6.76083e-23 -22.17 -inf
6.91831e-23 -22.16 -inf
7.07946e-23 -22.15 -inf
7.24436e-23 -22.14 -inf
7.4131e-23 -22.13 -inf
7.58578e-23 -22.12 -inf
7.76247e-23 -22.11 -inf
7.94328e-23 -22.1 -inf
8.12831e-23 -22.09 -inf
8.31764e-23 -22.08 -inf
8.51138e-23 -22.07 -inf
8.70964e-23 -22.06 -inf
8.91251e-23 -22.05 -inf
9.12011e-23 -22.04 -inf
9.33254e-23 -22.03 -inf
9.54993e-23 -22.02 -inf
9.77237e-23 -22.01 -inf
1e-22 -22 -inf
1.02329e-22 -21.99 -inf
1.04713e-22 -21.98 -inf
1.07152e-22 -21.97 -inf
1.09648e-22 -21.96 -inf
1.12202e-22 -21.95 -inf
1.14815e-22 -21.94 -inf
1.1749e-22 -21.93 -inf
1.20226e-22 -21.92 -inf
1.23027e-22 -21.91 -inf
1.25893e-22 -21.9 -inf
1.28825e-22 -21.89 -inf
1.31826e-22 -21.88 -inf
1.34896e-22 -21.87 -inf
1.38038e-22 -21.86 -inf
1.41254e-22 -21.85 -inf
1.44544e-22 -21.84 -inf
1.47911e-22 -21.83 -inf
1.51356e-22 -21.82 -inf
1.54882e-22 -21.81 -inf
1.58489e-22 -21.8 -inf
1.62181e-22 -21.79 -inf
1.65959e-22 -21.78 -inf
1.69824e-22 -21.77 -inf
1.7378e-22 -21.76 -inf
1.77828e-22 -21.75 -inf
1.8197e-22 -21.74 -inf
1.86209e-22 -21.73 -inf
1.90546e-22 -21.72 -inf
1.94984e-22 -21.71 -inf
1.99526e-22 -21.7 -inf
2.04174e-22 -21.69 -inf
2.0893e-22 -21.68 -inf
2.13796e-22 -21.67 -inf
2.18776e-22 -21.66 -inf
2.23872e-22 -21.65 -inf
2.29087e-22 -21.64 -inf
2.34423e-22 -21.63 -inf
2.39883e-22 -21.62 -inf
2.45471e-22 -21.61 -inf
2.51189e-22 -21.6 -inf
2.5704e-22 -21.59 -inf
2.63027e-22 -21.58 -inf
2.69153e-22 -21.57 -inf
2.75423e-22 -21.56 -inf
2.81838e-22 -21.55 -inf
2.88403e-22 -21.54 -inf
2.95121e-22 -21.53 -inf
3.01995e-22 -21.52 -inf
3.0903e-22 -21.51 -inf
3.16228e-22 -21.5 -inf
3.23594e-22 -21.49 -inf
3.31131e-22 -21.48 -inf
3.38844e-22 -21.47 -inf
3.46737e-22 -21.46 -inf
3.54813e-22 -21.45 -inf
3.63078e-22 -21.44 -inf
3.71535e-22 -21.43 -inf
3.80189e-22 -21.42 -inf
3.89045e-22 -21.41 -inf
3.98107e-22 -21.4 -inf
4.0738e-22 -21.39 -inf
4.16869e-22 -21.38 -inf
4.2658e-22 -21.37 -inf
4.36516e-22 -21.36 -inf
4.46684e-22 -21.35 -inf
4.57088e-22 -21.34 -inf
4.67735e-22 -21.33 -inf
4.7863e-22 -21.32 -inf
4.89779e-22 -21.31 -inf
5.01187e-22 -21.3 -inf
5.12861e-22 -21.29 -inf
5.24807e-22 -21.28 -inf
5.37032e-22 -21.27 -inf
5.49541e-22 -21.26 -inf
5.62341e-22 -21.25 -inf
5.7544e-22 -21.24 -inf
5.88844e-22 -21.23 -inf
6.0256e-22 -21.22 -inf
6.16595e-22 -21.21 -inf
6.30957e-22 -21.2 -inf
6.45654e-22 -21.19 -inf
6.60693e-22 -21.18 -inf
6.76083e-22 -21.17 -inf
6.91831e-22 -21.16 -inf
7.07946e-22 -21.15 -inf
7.24436e-22 -21.14 -inf
7.4131e-22 -21.13 -inf
7.58578e-22 -21.12 -inf
7.76247e-22 -21.11 -inf
7.94328e-22 -21.1 -inf
8.12831e-22 -21.09 -inf
8.31764e-22 -21.08 -inf
8.51138e-22 -21.07 -inf
8.70964e-22 -21.06 -inf
8.91251e-22 -21.05 -inf
9.12011e-22 -21.04 -inf
9.33254e-22 -21.03 -inf
9.54993e-22 -21.02 -inf
9.77237e-22 -21.01 -inf
1e-21 -21 -inf
1.02329e-21 -20.99 -inf
1.04713e-21 -20.98 -inf
1.07152e-21 -20.97 -inf
1.09648e-21 -20.96 -inf
1.12202e-21 -20.95 -inf
1.14815e-21 -20.94 -inf
1.1749e-21 -20.93 -inf
1.20226e-21 -20.92 -inf
1.23027e-21 -20.91 -inf
1.25893e-21 -20.9 -inf
1.28825e-21 -20.89 -inf
1.31826e-21 -20.88 -inf
1.34896e-21 -20.87 -inf
1.38038e-21 -20.86 -inf
1.41254e-21 -20.85 -inf
1.44544e-21 -20.84 -inf
1.47911e-21 -20.83 -inf
1.51356e-21 -20.82 -inf
1.54882e-21 -20.81 -inf
1.58489e-21 -20.8 -inf
1.62181e-21 -20.79 -inf
1.65959e-21 -20.78 -inf
1.69824e-21 -20.77 -inf
1.7378e-21 -20.76 -inf
1.77828e-21 -20.75 -inf
1.8197e-21 -20.74 -inf
1.86209e-21 -20.73 -inf
1.90546e-21 -20.72 -inf
1.94984e-21 -20.71 -inf
1.99526e-21 -20.7 -inf
2.04174e-21 -20.69 -inf
2.0893e-21 -20.68 -inf
2.13796e-21 -20.67 -inf
2.18776e-21 -20.66 -inf
2.23872e-21 -20.65 -inf
2.29087e-21 -20.64 -inf
2.34423e-21 -20.63 -inf
2.39883e-21 -20.62 -inf
2.45471e-21 -20.61 -inf
2.51189e-21 -20.6 -inf
2.5704e-21 -20.59 -inf
2.63027e-21 -20.58 -inf
2.69153e-21 -20.57 -inf
2.75423e-21 -20.56 -inf
2.81838e-21 -20.55 -inf
2.88403e-21 -20.54 -inf
2.95121e-21 -20.53 -inf
3.01995e-21 -20.52 -inf
3.0903e-21 -20.51 -inf
3.16228e-21 -20.5 -inf
3.23594e-21 -20.49 -inf
3.31131e-21 -20.48 -inf
3.38844e-21 -20.47 -inf
3.46737e-21 -20.46 -inf
3.54813e-21 -20.45 -inf
3.63078e-21 -20.44 -inf
3.71535e-21 -20.43 -inf
3.80189e-21 -20.42 -inf
3.89045e-21 -20.41 -inf
3.98107e-21 -20.4 -inf
4.0738e-21 -20.39 -inf
4.16869e-21 -20.38 -inf
4.2658e-21 -20.37 -inf
4.36516e-21 -20.36 -inf
4.46684e-21 -20.35 -inf
4.57088e-21 -20.34 -inf
4.67735e-21 -20.33 -inf
4.7863e-21 -20.32 -inf
4.89779e-21 -20.31 -inf
5.01187e-21 -20.3 -inf
5.12861e-21 -20.29 -inf
5.24807e-21 -20.28 -inf
5.37032e-21 -20.27 -inf
5.49541e-21 -20.26 -inf
5.62341e-21 -20.25 -inf
5.7544e-21 -20.24 -inf
5.88844e-21 -20.23 -inf
6.0256e-21 -20.22 -inf
6.16595e-21 -20.21 -inf
6.30957e-21 -20.2 -inf
6.45654e-21 -20.19 -inf
6.60693e-21 -20.18 -inf
6.76083e-21 -20.17 -inf
6.91831e-21 -20.16 -inf
7.07946e-21 -20.15 -inf
7.24436e-21 -20.14 -inf
7.4131e-21 -20.13 -inf
7.58578e-21 -20.12 -inf
7.76247e-21 -20.11 -inf
7.94328e-21 -20.1 -inf
8.12831e-21 -20.09 -inf
8.31764e-21 -20.08 -inf
8.51138e-21 -20.07 -inf
8.70964e-21 -20.06 -inf
8.91251e-21 -20.05 -inf
9.12011e-21 -20.04 -inf
9.33254e-21 -20.03 -inf
9.54993e-21 -20.02 -inf
9.77237e-21 -20.01 -inf
1e-20 -20 -inf
1.02329e-20 -19.99 -inf
1.04713e-20 -19.98 -inf
1.07152e-20 -19.97 -inf
1.09648e-20 -19.96 -inf
1.12202e-20 -19.95 -inf
1.14815e-20 -19.94 -inf
1.1749e-20 -19.93 -inf
1.20226e-20 -19.92 -inf
1.23027e-20 -19.91 -inf
1.25893e-20 -19.9 -inf
1.28825e-20 -19.89 -inf
1.31826e-20 -19.88 -inf
1.34896e-20 -19.87 -inf
1.38038e-20 -19.86 -inf
1.41254e-20 -19.85 -inf
1.44544e-20 -19.84 -inf
1.47911e-20 -19.83 -inf
1.51356e-20 -19.82 -inf
1.54882e-20 -19.81 -inf
1.58489e-20 -19.8 -inf
1.62181e-20 -19.79 -inf
1.65959e-20 -19.78 -inf
1.69824e-20 -19.77 -inf
1.7378e-20 -19.76 -inf
1.77828e-20 -19.75 -inf
1.8197e-20 -19.74 -inf
1.86209e-20 -19.73 -inf
1.90546e-20 -19.72 -inf
1.94984e-20 -19.71 -inf
1.99526e-20 -19.7 -inf
2.04174e-20 -19.69 -inf
2.0893e-20 -19.68 -inf
2.13796e-20 -19.67 -inf
2.18776e-20 -19.66 -inf
2.23872e-20 -19.65 -inf
2.29087e-20 -19.64 -inf
2.34423e-20 -19.63 -inf
2.39883e-20 -19.62 -inf
2.45471e-20 -19.61 -inf
2.51189e-20 -19.6 -inf
2.5704e-20 -19.59 -inf
2.63027e-20 -19.58 -inf
2.69153e-20 -19.57 -inf
2.75423e-20 -19.56 -inf
2.81838e-20 -19.55 -inf
2.88403e-20 -19.54 -inf
2.95121e-20 -19.53 -inf
3.01995e-20 -19.52 -inf
3.0903e-20 -19.51 -inf
3.16228e-20 -19.5 -inf
3.23594e-20 -19.49 -inf
3.31131e-20 -19.48 -inf
3.38844e-20 -19.47 -inf
3.46737e-20 -19.46 -inf
3.54813e-20 -19.45 -inf
3.63078e-20 -19.44 -inf
3.71535e-20 -19.43 -inf
3.80189e-20 -19.42 -inf
3.89045e-20 -19.41 -inf
3.98107e-20 -19.4 -inf
4.0738e-20 -19.39 -inf
4.16869e-20 -19.38 -inf
4.2658e-20 -19.37 -inf
4.36516e-20 -19.36 -inf
4.46684e-20 -19.35 -inf
4.57088e-20 -19.34 -inf
4.67735e-20 -19.33 -inf
4.7863e-20 -19.32 -inf
4.89779e-20 -19.31 -inf
5.01187e-20 -19.3 -inf
5.12861e-20 -19.29 -inf
5.24807e-20 -19.28 -inf
5.37032e-20 -19.27 -inf
5.49541e-20 -19.26 -inf
5.62341e-20 -19.25 -inf
5.7544e-20 -19.24 -inf
5.88844e-20 -19.23 -inf
6.0256e-20 -19.22 -inf
6.16595e-20 -19.21 -inf
6.30957e-20 -19.2 -inf
6.45654e-20 -19.19 -inf
6.60693e-20 -19.18 -inf
6.76083e-20 -19.17 -inf
6.91831e-20 -19.16 -inf
7.07946e-20 -19.15 -inf
7.24436e-20 -19.14 -inf
7.4131e-20 -19.13 -inf
7.58578e-20 -19.12 -inf
7.76247e-20 -19.11 -inf
7.94328e-20 -19.1 -inf
8.12831e-20 -19.09 -inf
8.31764e-20 -19.08 -inf
8.51138e-20 -19.07 -inf
8.70964e-20 -19.06 -inf
8.91251e-20 -19.05 -inf
9.12011e-20 -19.04 -inf
9.33254e-20 -19.03 -inf
9.54993e-20 -19.02 -inf
9.77237e-20 -19.01 -inf
1e-19 -19 -inf
1.02329e-19 -18.99 -inf
1.04713e-19 -18.98 -inf
1.07152e-19 -18.97 -inf
1.09648e-19 -18.96 -inf
1.12202e-19 -18.95 -inf
1.14815e-19 -18.94 -inf
1.1749e-19 -18.93 -inf
1.20226e-19 -18.92 -inf
1.23027e-19 -18.91 -inf
1.25893e-19 -18.9 -inf
1.28825e-19 -18.89 -inf
1.31826e-19 -18.88 -inf
1.34896e-19 -18.87 -inf
1.38038e-19 -18.86 -inf
1.41254e-19 -18.85 -inf
1.44544e-19 -18.84 -inf
1.47911e-19 -18.83 -inf
1.51356e-19 -18.82 -inf
1.54882e-19 -18.81 -inf
1.58489e-19 -18.8 -inf
1.62181e-19 -18.79 -inf
1.65959e-19 -18.78 -inf
1.69824e-19 -18.77 -inf
1.7378e-19 -18.76 -inf
1.77828e-19 -18.75 -inf
1.8197e-19 -18.74 -inf
1.86209e-19 -18.73 -inf
1.90546e-19 -18.72 -inf
1.94984e-19 -18.71 -inf
1.99526e-19 -18.7 -inf
2.04174e-19 -18.69 -inf
2.0893e-19 -18.68 -inf
2.13796e-19 -18.67 -inf
2.18776e-19 -18.66 -inf
2.23872e-19 -18.65 -inf
2.29087e-19 -18.64 -inf
2.34423e-19 -18.63 -inf
2.39883e-19 -18.62 -inf
2.45471e-19 -18.61 -inf
2.51189e-19 -18.6 -inf
2.5704e-19 -18.59 -inf
2.63027e-19 -18.58 -inf
2.69153e-19 -18.57 -inf
2.75423e-19 -18.56 -inf
2.81838e-19 -18.55 -inf
2.88403e-19 -18.54 -inf
2.95121e-19 -18.53 -inf
3.01995e-19 -18.52 -inf
3.0903e-19 -18.51 -inf
3.16228e-19 -18.5 -inf
3.23594e-19 -18.49 -inf
3.31131e-19 -18.48 -inf
3.38844e-19 -18.47 -inf
3.46737e-19 -18.46 -inf
3.54813e-19 -18.45 -inf
3.63078e-19 -18.44 -inf
3.71535e-19 -18.43 -inf
3.80189e-19 -18.42 -inf
3.89045e-19 -18.41 -inf
3.98107e-19 -18.4 -inf
4.0738e-19 -18.39 -inf
4.16869e-19 -18.38 -inf
4.2658e-19 -18.37 -inf
4.36516e-19 -18.36 -inf
4.46684e-19 -18.35 -inf
4.57088e-19 -18.34 -inf
4.67735e-19 -18.33 -inf
4.7863e-19 -18.32 -inf
4.89779e-19 -18.31 -inf
5.01187e-19 -18.3 -inf
5.12861e-19 -18.29 -inf
5.24807e-19 -18.28 -inf
5.37032e-19 -18.27 -inf
5.49541e-19 -18.26 -inf
5.62341e-19 -18.25 -inf
5.7544e-19 -18.24 -inf
5.88844e-19 -18.23 -inf
6.0256e-19 -18.22 -inf
6.16595e-19 -18.21 -inf
6.30957e-19 -18.2 -inf
6.45654e-19 -18.19 -inf
6.60693e-19 -18.18 -inf
6.76083e-19 -18.17 -inf
6.91831e-19 -18.16 -inf
7.07946e-19 -18.15 -inf
7.24436e-19 -18.14 -inf
7.4131e-19 -18.13 -inf
7.58578e-19 -18.12 -inf
7.76247e-19 -18.11 -inf
7.94328e-19 -18.1 -inf
8.12831e-19 -18.09 -inf
8.31764e-19 -18.08 -inf
8.51138e-19 -18.07 -inf
8.70964e-19 -18.06 -inf
8.91251e-19 -18.05 -inf
9.12011e-19 -18.04 -inf
9.33254e-19 -18.03 -inf
9.54993e-19 -18.02 -inf
9.77237e-19 -18.01 -inf
1e-18 -18 -inf
1.02329e-18 -17.99 -inf
1.04713e-18 -17.98 -inf
1.07152e-18 -17.97 -inf
1.09648e-18 -17.96 -inf
1.12202e-18 -17.95 -inf
1.14815e-18 -17.94 -inf
1.1749e-18 -17.93 -inf
1.20226e-18 -17.92 -inf
1.23027e-18 -17.91 -inf
1.25893e-18 -17.9 -inf
1.28825e-18 -17.89 -inf
1.31826e-18 -17.88 -inf
1.34896e-18 -17.87 -inf
1.38038e-18 -17.86 -inf
1.41254e-18 -17.85 -inf
1.44544e-18 -17.84 -inf
1.47911e-18 -17.83 -inf
1.51356e-18 -17.82 -inf
1.54882e-18 -17.81 -inf
1.58489e-18 -17.8 -inf
1.62181e-18 -17.79 -inf
1.65959e-18 -17.78 -inf
1.69824e-18 -17.77 -inf
1.7378e-18 -17.76 -inf
1.77828e-18 -17.75 -inf
1.8197e-18 -17.74 -inf
1.86209e-18 -17.73 -inf
1.90546e-18 -17.72 -inf
1.94984e-18 -17.71 -inf
1.99526e-18 -17.7 -inf
2.04174e-18 -17.69 -inf
2.0893e-18 -17.68 -inf
2.13796e-18 -17.67 -inf
2.18776e-18 -17.66 -inf
2.23872e-18 -17.65 -inf
2.29087e-18 -17.64 -inf
2.34423e-18 -17.63 -inf
2.39883e-18 -17.62 -inf
2.45471e-18 -17.61 -inf
2.51189e-18 -17.6 -inf
2.5704e-18 -17.59 -inf
2.63027e-18 -17.58 -inf
2.69153e-18 -17.57 -inf
2.75423e-18 -17.56 -inf
2.81838e-18 -17.55 -inf
2.88403e-18 -17.54 -inf
2.95121e-18 -17.53 -inf
3.01995e-18 -17.52 -inf
3.0903e-18 -17.51 -inf
3.16228e-18 -17.5 -inf
3.23594e-18 -17.49 -inf
3.31131e-18 -17.48 -inf
3.38844e-18 -17.47 -inf
3.46737e-18 -17.46 -inf
3.54813e-18 -17.45 -inf
3.63078e-18 -17.44 -inf
3.71535e-18 -17.43 -inf
3.80189e-18 -17.42 -inf
3.89045e-18 -17.41 -inf
3.98107e-18 -17.4 -inf
4.0738e-18 -17.39 -inf
4.16869e-18 -17.38 -inf
4.2658e-18 -17.37 -inf
4.36516e-18 -17.36 -inf
4.46684e-18 -17.35 -inf
4.57088e-18 -17.34 -inf
4.67735e-18 -17.33 -inf
4.7863e-18 -17.32 -inf
4.89779e-18 -17.31 -inf
5.01187e-18 -17.3 -inf
5.12861e-18 -17.29 -inf
5.24807e-18 -17.28 -inf
5.37032e-18 -17.27 -inf
5.49541e-18 -17.26 -inf
5.62341e-18 -17.25 -inf
5.7544e-18 -17.24 -inf
5.88844e-18 -17.23 -inf
6.0256e-18 -17.22 -inf
6.16595e-18 -17.21 -inf
6.30957e-18 -17.2 -inf
6.45654e-18 -17.19 -inf
6.60693e-18 -17.18 -inf
6.76083e-18 -17.17 -inf
6.91831e-18 -17.16 -inf
7.07946e-18 -17.15 -inf
7.24436e-18 -17.14 -inf
7.4131e-18 -17.13 -inf
7.58578e-18 -17.12 -inf
7.76247e-18 -17.11 -inf
7.94328e-18 -17.1 -inf
8.12831e-18 -17.09 -inf
8.31764e-18 -17.08 -inf
8.51138e-18 -17.07 -inf
8.70964e-18 -17.06 -inf
8.91251e-18 -17.05 -inf
9.12011e-18 -17.04 -inf
9.33254e-18 -17.03 -inf
9.54993e-18 -17.02 -inf
9.77237e-18 -17.01 -inf
1e-17 -17 -inf
1.02329e-17 -16.99 -inf
1.04713e-17 -16.98 -inf
1.07152e-17 -16.97 -inf
1.09648e-17 -16.96 -inf
1.12202e-17 -16.95 -inf
1.14815e-17 -16.94 -inf
1.1749e-17 -16.93 -inf
1.20226e-17 -16.92 -inf
1.23027e-17 -16.91 -inf
1.25893e-17 -16.9 -inf
1.28825e-17 -16.89 -inf
1.31826e-17 -16.88 -inf
1.34896e-17 -16.87 -inf
1.38038e-17 -16.86 -inf
1.41254e-17 -16.85 -inf
1.44544e-17 -16.84 -inf
1.47911e-17 -16.83 -inf
1.51356e-17 -16.82 -inf
1.54882e-17 -16.81 -inf
1.58489e-17 -16.8 -inf
1.62181e-17 -16.79 -inf
1.65959e-17 -16.78 -inf
1.69824e-17 -16.77 -inf
1.7378e-17 -16.76 -inf
1.77828e-17 -16.75 -inf
1.8197e-17 -16.74 -inf
1.86209e-17 -16.73 -inf
1.90546e-17 -16.72 -inf
1.94984e-17 -16.71 -inf
1.99526e-17 -16.7 -inf
2.04174e-17 -16.69 -inf
2.0893e-17 -16.68 -inf
2.13796e-17 -16.67 -inf
2.18776e-17 -16.66 -inf
2.23872e-17 -16.65 -inf
2.29087e-17 -16.64 -inf
2.34423e-17 -16.63 -inf
2.39883e-17 -16.62 -inf
2.45471e-17 -16.61 -inf
2.51189e-17 -16.6 -inf
2.5704e-17 -16.59 -inf
2.63027e-17 -16.58 -inf
2.69153e-17 -16.57 -inf
2.75423e-17 -16.56 -inf
2.81838e-17 -16.55 -inf
2.88403e-17 -16.54 -inf
2.95121e-17 -16.53 -inf
3.01995e-17 -16.52 -inf
3.0903e-17 -16.51 -inf
3.16228e-17 -16.5 -inf
3.23594e-17 -16.49 -inf
3.31131e-17 -16.48 -inf
3.38844e-17 -16.47 -inf
3.46737e-17 -16.46 -inf
3.54813e-17 -16.45 -inf
3.63078e-17 -16.44 -inf
3.71535e-17 -16.43 -inf
3.80189e-17 -16.42 -inf
3.89045e-17 -16.41 -inf
3.98107e-17 -16.4 -inf
4.0738e-17 -16.39 -inf
4.16869e-17 -16.38 -inf
4.2658e-17 -16.37 -inf
4.36516e-17 -16.36 -inf
4.46684e-17 -16.35 -inf
4.57088e-17 -16.34 -inf
4.67735e-17 -16.33 -inf
4.7863e-17 -16.32 -inf
4.89779e-17 -16.31 -inf
5.01187e-17 -16.3 -inf
5.12861e-17 -16.29 -inf
5.24807e-17 -16.28 -inf
5.37032e-17 -16.27 -inf
5.49541e-17 -16.26 -inf
5.62341e-17 -16.25 -inf
5.7544e-17 -16.24 -inf
5.88844e-17 -16.23 -inf
6.0256e-17 -16.22 -inf
6.16595e-17 -16.21 -inf
6.30957e-17 -16.2 -inf
6.45654e-17 -16.19 -inf
6.60693e-17 -16.18 -inf
6.76083e-17 -16.17 -inf
6.91831e-17 -16.16 -inf
7.07946e-17 -16.15 -inf
7.24436e-17 -16.14 -inf
7.4131e-17 -16.13 -inf
7.58578e-17 -16.12 -inf
7.76247e-17 -16.11 -inf
7.94328e-17 -16.1 -inf
8.12831e-17 -16.09 -inf
8.31764e-17 -16.08 -inf
8.51138e-17 -16.07 -inf
8.70964e-17 -16.06 -inf
8.91251e-17 -16.05 -inf
9.12011e-17 -16.04 -inf
9.33254e-17 -16.03 -inf
9.54993e-17 -16.02 -inf
9.77237e-17 -16.01 -inf
1e-16 -16 -inf
1.02329e-16 -15.99 -inf
1.04713e-16 -15.98 -inf
1.07152e-16 -15.97 -inf
1.09648e-16 -15.96 -inf
1.12202e-16 -15.95 -inf
1.14815e-16 -15.94 -inf
1.1749e-16 -15.93 -inf
1.20226e-16 -15.92 -inf
1.23027e-16 -15.91 -inf
1.25893e-16 -15.9 -inf
1.28825e-16 -15.89 -inf
1.31826e-16 -15.88 -inf
1.34896e-16 -15.87 -inf
1.38038e-16 -15.86 -inf
1.41254e-16 -15.85 -inf
1.44544e-16 -15.84 -inf
1.47911e-16 -15.83 -inf
1.51356e-16 -15.82 -inf
1.54882e-16 -15.81 -inf
1.58489e-16 -15.8 -inf
1.62181e-16 -15.79 -inf
1.65959e-16 -15.78 -inf
1.69824e-16 -15.77 -inf
1.7378e-16 -15.76 -inf
1.77828e-16 -15.75 -inf
1.8197e-16 -15.74 -inf
1.86209e-16 -15.73 -inf
1.90546e-16 -15.72 -inf
1.94984e-16 -15.71 -inf
1.99526e-16 -15.7 -inf
2.04174e-16 -15.69 -inf
2.0893e-16 -15.68 -inf
2.13796e-16 -15.67 -inf
2.18776e-16 -15.66 -inf
2.23872e-16 -15.65 -inf
2.29087e-16 -15.64 -inf
2.34423e-16 -15.63 -inf
2.39883e-16 -15.62 -inf
2.45471e-16 -15.61 -inf
2.51189e-16 -15.6 -inf
2.5704e-16 -15.59 -inf
2.63027e-16 -15.58 -inf
2.69153e-16 -15.57 -inf
2.75423e-16 -15.56 -inf
2.81838e-16 -15.55 -inf
2.88403e-16 -15.54 -inf
2.95121e-16 -15.53 -inf
3.01995e-16 -15.52 -inf
3.0903e-16 -15.51 -inf
3.16228e-16 -15.5 -inf
3.23594e-16 -15.49 -inf
3.31131e-16 -15.48 -inf
3.38844e-16 -15.47 -inf
3.46737e-16 -15.46 -inf
3.54813e-16 -15.45 -inf
3.63078e-16 -15.44 -inf
3.71535e-16 -15.43 -inf
3.80189e-16 -15.42 -inf
3.89045e-16 -15.41 -inf
3.98107e-16 -15.4 -inf
4.0738e-16 -15.39 -inf
4.16869e-16 -15.38 -inf
4.2658e-16 -15.37 -inf
4.36516e-16 -15.36 -inf
4.46684e-16 -15.35 -inf
4.57088e-16 -15.34 -inf
4.67735e-16 -15.33 -inf
4.7863e-16 -15.32 -inf
4.89779e-16 -15.31 -inf
5.01187e-16 -15.3 -inf
5.12861e-16 -15.29 -inf
5.24807e-16 -15.28 -inf
5.37032e-16 -15.27 -inf
5.49541e-16 -15.26 -inf
5.62341e-16 -15.25 -inf
5.7544e-16 -15.24 -inf
5.88844e-16 -15.23 -inf
6.0256e-16 -15.22 -inf
6.16595e-16 -15.21 -inf
6.30957e-16 -15.2 -inf
6.45654e-16 -15.19 -inf
6.60693e-16 -15.18 -inf
6.76083e-16 -15.17 -inf
6.91831e-16 -15.16 -inf
7.07946e-16 -15.15 -inf
7.24436e-16 -15.14 -inf
7.4131e-16 -15.13 -inf
7.58578e-16 -15.12 -inf
7.76247e-16 -15.11 -inf
7.94328e-16 -15.1 -inf
8.12831e-16 -15.09 -inf
8.31764e-16 -15.08 -inf
8.51138e-16 -15.07 -inf
8.70964e-16 -15.06 -inf
8.91251e-16 -15.05 -inf
9.12011e-16 -15.04 -inf
9.33254e-16 -15.03 -inf
9.54993e-16 -15.02 -inf
9.77237e-16 -15.01 -inf
1e-15 -15 -inf
1.02329e-15 -14.99 -inf
1.04713e-15 -14.98 -inf
1.07152e-15 -14.97 -inf
1.09648e-15 -14.96 -inf
1.12202e-15 -14.95 -inf
1.14815e-15 -14.94 -inf
1.1749e-15 -14.93 -inf
1.20226e-15 -14.92 -inf
1.23027e-15 -14.91 -inf
1.25893e-15 -14.9 -inf
1.28825e-15 -14.89 -inf
1.31826e-15 -14.88 -inf
1.34896e-15 -14.87 -inf
1.38038e-15 -14.86 -inf
1.41254e-15 -14.85 -inf
1.44544e-15 -14.84 -inf
1.47911e-15 -14.83 -inf
1.51356e-15 -14.82 -inf
1.54882e-15 -14.81 -inf
1.58489e-15 -14.8 -inf
1.62181e-15 -14.79 -inf
1.65959e-15 -14.78 -inf
1.69824e-15 -14.77 -inf
1.7378e-15 -14.76 -inf
1.77828e-15 -14.75 -inf
1.8197e-15 -14.74 -inf
1.86209e-15 -14.73 -inf
1.90546e-15 -14.72 -inf
1.94984e-15 -14.71 -inf
1.99526e-15 -14.7 -inf
2.04174e-15 -14.69 -inf
2.0893e-15 -14.68 -inf
2.13796e-15 -14.67 -inf
2.18776e-15 -14.66 -inf
2.23872e-15 -14.65 -inf
2.29087e-15 -14.64 -inf
2.34423e-15 -14.63 -inf
2.39883e-15 -14.62 -inf
2.45471e-15 -14.61 -inf
2.51189e-15 -14.6 -inf
2.5704e-15 -14.59 -inf
2.63027e-15 -14.58 -inf
2.69153e-15 -14.57 -inf
2.75423e-15 -14.56 -inf
2.81838e-15 -14.55 -inf
2.88403e-15 -14.54 -inf
2.95121e-15 -14.53 -inf
3.01995e-15 -14.52 -inf
3.0903e-15 -14.51 -inf
3.16228e-15 -14.5 -inf
3.23594e-15 -14.49 -inf
3.31131e-15 -14.48 -inf
3.38844e-15 -14.47 -inf
3.46737e-15 -14.46 -inf
3.54813e-15 -14.45 -inf
3.63078e-15 -14.44 -inf
3.71535e-15 -14.43 -inf
3.80189e-15 -14.42 -inf
3.89045e-15 -14.41 -inf
3.98107e-15 -14.4 -inf
4.0738e-15 -14.39 -inf
4.16869e-15 -14.38 -inf
4.2658e-15 -14.37 -inf
4.36516e-15 -14.36 -inf
4.46684e-15 -14.35 -inf
4.57088e-15 -14.34 -inf
4.67735e-15 -14.33 -inf
4.7863e-15 -14.32 -inf
4.89779e-15 -14.31 -inf
5.01187e-15 -14.3 -inf
5.12861e-15 -14.29 -inf
5.24807e-15 -14.28 -inf
5.37032e-15 -14.27 -inf
5.49541e-15 -14.26 -inf
5.62341e-15 -14.25 -inf
5.7544e-15 -14.24 -inf
5.88844e-15 -14.23 -inf
6.0256e-15 -14.22 -inf
6.16595e-15 -14.21 -inf
6.30957e-15 -14.2 -inf
6.45654e-15 -14.19 -inf
6.60693e-15 -14.18 -inf
6.76083e-15 -14.17 -inf
6.91831e-15 -14.16 -inf
7.07946e-15 -14.15 -inf
7.24436e-15 -14.14 -inf
7.4131e-15 -14.13 -inf
7.58578e-15 -14.12 -inf
7.76247e-15 -14.11 -inf
7.94328e-15 -14.1 -inf
8.12831e-15 -14.09 -inf
8.31764e-15 -14.08 -inf
8.51138e-15 -14.07 -inf
8.70964e-15 -14.06 -inf
8.91251e-15 -14.05 -inf
9.12011e-15 -14.04 -inf
9.33254e-15 -14.03 -inf
9.54993e-15 -14.02 -inf
9.77237e-15 -14.01 -inf
1e-14 -14 -inf
1.02329e-14 -13.99 -inf
1.04713e-14 -13.98 -inf
1.07152e-14 -13.97 -inf
1.09648e-14 -13.96 -inf
1.12202e-14 -13.95 -inf
1.14815e-14 -13.94 -inf
1.1749e-14 -13.93 -inf
1.20226e-14 -13.92 -inf
1.23027e-14 -13.91 -inf
1.25893e-14 -13.9 -inf
1.28825e-14 -13.89 -inf
1.31826e-14 -13.88 -inf
1.34896e-14 -13.87 -inf
1.38038e-14 -13.86 -inf
1.41254e-14 -13.85 -inf
1.44544e-14 -13.84 -inf
1.47911e-14 -13.83 -inf
1.51356e-14 -13.82 -inf
1.54882e-14 -13.81 -inf
1.58489e-14 -13.8 -inf
1.62181e-14 -13.79 -inf
1.65959e-14 -13.78 -inf
1.69824e-14 -13.77 -inf
1.7378e-14 -13.76 -inf
1.77828e-14 -13.75 -inf
1.8197e-14 -13.74 -inf
1.86209e-14 -13.73 -inf
1.90546e-14 -13.72 -inf
1.94984e-14 -13.71 -inf
1.99526e-14 -13.7 -inf
2.04174e-14 -13.69 -inf
2.0893e-14 -13.68 -inf
2.13796e-14 -13.67 -inf
2.18776e-14 -13.66 -inf
2.23872e-14 -13.65 -inf
2.29087e-14 -13.64 -inf
2.34423e-14 -13.63 -inf
2.39883e-14 -13.62 -inf
2.45471e-14 -13.61 -inf
2.51189e-14 -13.6 -inf
2.5704e-14 -13.59 -inf
2.63027e-14 -13.58 -inf
2.69153e-14 -13.57 -inf
2.75423e-14 -13.56 -inf
2.81838e-14 -13.55 -inf
2.88403e-14 -13.54 -inf
2.95121e-14 -13.53 -inf
3.01995e-14 -13.52 -inf
3.0903e-14 -13.51 -inf
3.16228e-14 -13.5 -inf
3.23594e-14 -13.49 -inf
3.31131e-14 -13.48 -inf
3.38844e-14 -13.47 -inf
3.46737e-14 -13.46 -inf
3.54813e-14 -13.45 -inf
3.63078e-14 -13.44 -inf
3.71535e-14 -13.43 -inf
3.80189e-14 -13.42 -inf
3.89045e-14 -13.41 -inf
3.98107e-14 -13.4 -inf
4.0738e-14 -13.39 -inf
4.16869e-14 -13.38 -inf
4.2658e-14 -13.37 -inf
4.36516e-14 -13.36 -inf
4.46684e-14 -13.35 -inf
4.57088e-14 -13.34 -inf
4.67735e-14 -13.33 -inf
4.7863e-14 -13.32 -inf
4.89779e-14 -13.31 -inf
5.01187e-14 -13.3 -inf
5.12861e-14 -13.29 -inf
5.24807e-14 -13.28 -inf
5.37032e-14 -13.27 -inf
5.49541e-14 -13.26 -inf
5.62341e-14 -13.25 -inf
5.7544e-14 -13.24 -inf
5.88844e-14 -13.23 -inf
6.0256e-14 -13.22 -inf
6.16595e-14 -13.21 -inf
6.30957e-14 -13.2 -inf
6.45654e-14 -13.19 -inf
6.60693e-14 -13.18 -inf
6.76083e-14 -13.17 -inf
6.91831e-14 -13.16 -inf
7.07946e-14 -13.15 -inf
7.24436e-14 -13.14 -inf
7.4131e-14 -13.13 -inf
7.58578e-14 -13.12 -inf
7.76247e-14 -13.11 -inf
7.94328e-14 -13.1 -inf
8.12831e-14 -13.09 -inf
8.31764e-14 -13.08 -inf
8.51138e-14 -13.07 -inf
8.70964e-14 -13.06 -inf
8.91251e-14 -13.05 -inf
9.12011e-14 -13.04 -inf
9.33254e-14 -13.03 -inf
9.54993e-14 -13.02 -inf
9.77237e-14 -13.01 -inf
1e-13 -13 -inf
1.02329e-13 -12.99 -inf
1.04713e-13 -12.98 -inf
1.07152e-13 -12.97 -inf
1.09648e-13 -12.96 -inf
1.12202e-13 -12.95 -inf
1.14815e-13 -12.94 -inf
1.1749e-13 -12.93 -inf
1.20226e-13 -12.92 -inf
1.23027e-13 -12.91 -inf
1.25893e-13 -12.9 -inf
1.28825e-13 -12.89 -inf
1.31826e-13 -12.88 -inf
1.34896e-13 -12.87 -inf
1.38038e-13 -12.86 -inf
1.41254e-13 -12.85 -inf
1.44544e-13 -12.84 -inf
1.47911e-13 -12.83 -inf
1.51356e-13 -12.82 -inf
1.54882e-13 -12.81 -inf
1.58489e-13 -12.8 -inf
1.62181e-13 -12.79 -inf
1.65959e-13 -12.78 -inf
1.69824e-13 -12.77 -inf
1.7378e-13 -12.76 -inf
1.77828e-13 -12.75 -inf
1.8197e-13 -12.74 -inf
1.86209e-13 -12.73 -inf
1.90546e-13 -12.72 -inf
1.94984e-13 -12.71 -inf
1.99526e-13 -12.7 -inf
2.04174e-13 -12.69 -inf
2.0893e-13 -12.68 -inf
2.13796e-13 -12.67 -inf
2.18776e-13 -12.66 -inf
2.23872e-13 -12.65 -inf
2.29087e-13 -12.64 -inf
2.34423e-13 -12.63 -inf
2.39883e-13 -12.62 -inf
2.45471e-13 -12.61 -inf
2.51189e-13 -12.6 -inf
2.5704e-13 -12.59 -inf
2.63027e-13 -12.58 -inf
2.69153e-13 -12.57 -inf
2.75423e-13 -12.56 -inf
2.81838e-13 -12.55 -inf
2.88403e-13 -12.54 -inf
2.95121e-13 -12.53 -inf
3.01995e-13 -12.52 -inf
3.0903e-13 -12.51 -inf
3.16228e-13 -12.5 -inf
3.23594e-13 -12.49 -inf
3.31131e-13 -12.48 -inf
3.38844e-13 -12.47 -inf
3.46737e-13 -12.46 -inf
3.54813e-13 -12.45 -inf
3.63078e-13 -12.44 -inf
3.71535e-13 -12.43 -inf
3.80189e-13 -12.42 -inf
3.89045e-13 -12.41 -inf
3.98107e-13 -12.4 -inf
4.0738e-13 -12.39 -inf
4.16869e-13 -12.38 -inf
4.2658e-13 -12.37 -inf
4.36516e-13 -12.36 -inf
4.46684e-13 -12.35 -inf
4.57088e-13 -12.34 -inf
4.67735e-13 -12.33 -inf
4.7863e-13 -12.32 -inf
4.89779e-13 -12.31 -inf
5.01187e-13 -12.3 -inf
5.12861e-13 -12.29 -inf
5.24807e-13 -12.28 -inf
5.37032e-13 -12.27 -inf
5.49541e-13 -12.26 -inf
5.62341e-13 -12.25 -inf
5.7544e-13 -12.24 -inf
5.88844e-13 -12.23 -inf
6.0256e-13 -12.22 -inf
6.16595e-13 -12.21 -inf
6.30957e-13 -12.2 -inf
6.45654e-13 -12.19 -inf
6.60693e-13 -12.18 -inf
6.76083e-13 -12.17 -inf
6.91831e-13 -12.16 -inf
7.07946e-13 -12.15 -inf
7.24436e-13 -12.14 -inf
7.4131e-13 -12.13 -inf
7.58578e-13 -12.12 -inf
7.76247e-13 -12.11 -inf
7.94328e-13 -12.1 -inf
8.12831e-13 -12.09 -inf
8.31764e-13 -12.08 -inf
8.51138e-13 -12.07 -inf
8.70964e-13 -12.06 -inf
8.91251e-13 -12.05 -inf
9.12011e-13 -12.04 -inf
9.33254e-13 -12.03 -inf
9.54993e-13 -12.02 -inf
9.77237e-13 -12.01 -inf
1e-12 -12 -inf
1.02329e-12 -11.99 -inf
1.04713e-12 -11.98 -inf
1.07152e-12 -11.97 -inf
1.09648e-12 -11.96 -inf
1.12202e-12 -11.95 -inf
1.14815e-12 -11.94 -inf
1.1749e-12 -11.93 -inf
1.20226e-12 -11.92 -inf
1.23027e-12 -11.91 -inf
1.25893e-12 -11.9 -inf
1.28825e-12 -11.89 -inf
1.31826e-12 -11.88 -inf
1.34896e-12 -11.87 -inf
1.38038e-12 -11.86 -inf
1.41254e-12 -11.85 -inf
1.44544e-12 -11.84 -inf
1.47911e-12 -11.83 -inf
1.51356e-12 -11.82 -inf
1.54882e-12 -11.81 -inf
1.58489e-12 -11.8 -inf
1.62181e-12 -11.79 -inf
1.65959e-12 -11.78 -inf
1.69824e-12 -11.77 -inf
1.7378e-12 -11.76 -inf
1.77828e-12 -11.75 -inf
1.8197e-12 -11.74 -inf
1.86209e-12 -11.73 -inf
1.90546e-12 -11.72 -inf
1.94984e-12 -11.71 -inf
1.99526e-12 -11.7 -inf
2.04174e-12 -11.69 -inf
2.0893e-12 -11.68 -inf
2.13796e-12 -11.67 -inf
2.18776e-12 -11.66 -inf
2.23872e-12 -11.65 -inf
2.29087e-12 -11.64 -inf
2.34423e-12 -11.63 -inf
2.39883e-12 -11.62 -inf
2.45471e-12 -11.61 -inf
2.51189e-12 -11.6 -inf
2.5704e-12 -11.59 -inf
2.63027e-12 -11.58 -inf
2.69153e-12 -11.57 -inf
2.75423e-12 -11.56 -inf
2.81838e-12 -11.55 -inf
2.88403e-12 -11.54 -inf
2.95121e-12 -11.53 -inf
3.01995e-12 -11.52 -inf
3.0903e-12 -11.51 -inf
3.16228e-12 -11.5 -inf
3.23594e-12 -11.49 -inf
3.31131e-12 -11.48 -inf
3.38844e-12 -11.47 -inf
3.46737e-12 -11.46 -inf
3.54813e-12 -11.45 -inf
3.63078e-12 -11.44 -inf
3.71535e-12 -11.43 -inf
3.80189e-12 -11.42 -inf
3.89045e-12 -11.41 -inf
3.98107e-12 -11.4 -inf
4.0738e-12 -11.39 -inf
4.16869e-12 -11.38 -inf
4.2658e-12 -11.37 -inf
4.36516e-12 -11.36 -inf
4.46684e-12 -11.35 -inf
4.57088e-12 -11.34 -inf
4.67735e-12 -11.33 -inf
4.7863e-12 -11.32 -inf
4.89779e-12 -11.31 -inf
5.01187e-12 -11.3 -inf
5.12861e-12 -11.29 -inf
5.24807e-12 -11.28 -inf
5.37032e-12 -11.27 -inf
5.49541e-12 -11.26 -inf
5.62341e-12 -11.25 -inf
5.7544e-12 -11.24 -inf
5.88844e-12 -11.23 -inf
6.0256e-12 -11.22 -inf
6.16595e-12 -11.21 -inf
6.30957e-12 -11.2 -inf
6.45654e-12 -11.19 -inf
6.60693e-12 -11.18 -inf
6.76083e-12 -11.17 -inf
6.91831e-12 -11.16 -inf
7.07946e-12 -11.15 -inf
7.24436e-12 -11.14 -inf
7.4131e-12 -11.13 -inf
7.58578e-12 -11.12 -inf
7.76247e-12 -11.11 -inf
7.94328e-12 -11.1 -inf
8.12831e-12 -11.09 -inf
8.31764e-12 -11.08 -inf
8.51138e-12 -11.07 -inf
8.70964e-12 -11.06 -inf
8.91251e-12 -11.05 -inf
9.12011e-12 -11.04 -inf
9.33254e-12 -11.03 -inf
9.54993e-12 -11.02 -inf
9.77237e-12 -11.01 -inf
1e-11 -11 -inf
1.02329e-11 -10.99 -inf
1.04713e-11 -10.98 -inf
1.07152e-11 -10.97 -inf
1.09648e-11 -10.96 -inf
1.12202e-11 -10.95 -inf
1.14815e-11 -10.94 -inf
1.1749e-11 -10.93 -inf
1.20226e-11 -10.92 -inf
1.23027e-11 -10.91 -inf
1.25893e-11 -10.9 -inf
1.28825e-11 -10.89 -inf
1.31826e-11 -10.88 -inf
1.34896e-11 -10.87 -inf
1.38038e-11 -10.86 -inf
1.41254e-11 -10.85 -inf
1.44544e-11 -10.84 -inf
1.47911e-11 -10.83 -inf
1.51356e-11 -10.82 -inf
1.54882e-11 -10.81 -inf
1.58489e-11 -10.8 -inf
1.62181e-11 -10.79 -inf
1.65959e-11 -10.78 -inf
1.69824e-11 -10.77 -inf
1.7378e-11 -10.76 -inf
1.77828e-11 -10.75 -inf
1.8197e-11 -10.74 -inf
1.86209e-11 -10.73 -inf
1.90546e-11 -10.72 -inf
1.94984e-11 -10.71 -inf
1.99526e-11 -10.7 -inf
2.04174e-11 -10.69 -inf
2.0893e-11 -10.68 -inf
2.13796e-11 -10.67 -inf
2.18776e-11 -10.66 -inf
2.23872e-11 -10.65 -inf
2.29087e-11 -10.64 -inf
2.34423e-11 -10.63 -inf
2.39883e-11 -10.62 -inf
2.45471e-11 -10.61 -inf
2.51189e-11 -10.6 -inf
2.5704e-11 -10.59 -inf
2.63027e-11 -10.58 -inf
2.69153e-11 -10.57 -inf
2.75423e-11 -10.56 -inf
2.81838e-11 -10.55 -inf
2.88403e-11 -10.54 -inf
2.95121e-11 -10.53 -inf
3.01995e-11 -10.52 -inf
3.0903e-11 -10.51 -inf
3.16228e-11 -10.5 -inf
3.23594e-11 -10.49 -inf
3.31131e-11 -10.48 -inf
3.38844e-11 -10.47 -inf
3.46737e-11 -10.46 -inf
3.54813e-11 -10.45 -inf
3.63078e-11 -10.44 -inf
3.71535e-11 -10.43 -inf
3.80189e-11 -10.42 -inf
3.89045e-11 -10.41 -inf
3.98107e-11 -10.4 -inf
4.0738e-11 -10.39 -inf
4.16869e-11 -10.38 -inf
4.2658e-11 -10.37 -inf
4.36516e-11 -10.36 -inf
4.46684e-11 -10.35 -inf
4.57088e-11 -10.34 -inf
4.67735e-11 -10.33 -inf
4.7863e-11 -10.32 -inf
4.89779e-11 -10.31 -inf
5.01187e-11 -10.3 -inf
5.12861e-11 -10.29 -inf
5.24807e-11 -10.28 -inf
5.37032e-11 -10.27 -inf
5.49541e-11 -10.26 -inf
5.62341e-11 -10.25 -inf
5.7544e-11 -10.24 -inf
5.88844e-11 -10.23 -inf
6.0256e-11 -10.22 -inf
6.16595e-11 -10.21 -inf
6.30957e-11 -10.2 -inf
6.45654e-11 -10.19 -inf
6.60693e-11 -10.18 -inf
6.76083e-11 -10.17 -inf
6.91831e-11 -10.16 -inf
7.07946e-11 -10.15 -inf
7.24436e-11 -10.14 -inf
7.4131e-11 -10.13 -inf
7.58578e-11 -10.12 -inf
7.76247e-11 -10.11 -inf
7.94328e-11 -10.1 -inf
8.12831e-11 -10.09 -inf
8.31764e-11 -10.08 -inf
8.51138e-11 -10.07 -inf
8.70964e-11 -10.06 -inf
8.91251e-11 -10.05 -inf
9.12011e-11 -10.04 -inf
9.33254e-11 -10.03 -inf
9.54993e-11 -10.02 -inf
9.77237e-11 -10.01 -inf
1e-10 -10 -inf
1.02329e-10 -9.99 -inf
1.04713e-10 -9.98 -inf
1.07152e-10 -9.97 -inf
1.09648e-10 -9.96 -inf
1.12202e-10 -9.95 -inf
1.14815e-10 -9.94 -inf
1.1749e-10 -9.93 -inf
1.20226e-10 -9.92 -inf
1.23027e-10 -9.91 -inf
1.25893e-10 -9.9 -inf
1.28825e-10 -9.89 -inf
1.31826e-10 -9.88 -inf
1.34896e-10 -9.87 -inf
1.38038e-10 -9.86 -inf
1.41254e-10 -9.85 -inf
1.44544e-10 -9.84 -inf
1.47911e-10 -9.83 -inf
1.51356e-10 -9.82 -inf
1.54882e-10 -9.81 -inf
1.58489e-10 -9.8 -inf
1.62181e-10 -9.79 -inf
1.65959e-10 -9.78 -inf
1.69824e-10 -9.77 -inf
1.7378e-10 -9.76 -inf
1.77828e-10 -9.75 -inf
1.8197e-10 -9.74 -inf
1.86209e-10 -9.73 -inf
1.90546e-10 -9.72 -inf
1.94984e-10 -9.71 -inf
1.99526e-10 -9.7 -inf
2.04174e-10 -9.69 -inf
2.0893e-10 -9.68 -inf
2.13796e-10 -9.67 -inf
2.18776e-10 -9.66 -inf
2.23872e-10 -9.65 -inf
2.29087e-10 -9.64 -inf
2.34423e-10 -9.63 -inf
2.39883e-10 -9.62 -inf
2.45471e-10 -9.61 -inf
2.51189e-10 -9.6 -inf
2.5704e-10 -9.59 -inf
2.63027e-10 -9.58 -inf
2.69153e-10 -9.57 -inf
2.75423e-10 -9.56 -inf
2.81838e-10 -9.55 -inf
2.88403e-10 -9.54 -inf
2.95121e-10 -9.53 -inf
3.01995e-10 -9.52 -inf
3.0903e-10 -9.51 -inf
3.16228e-10 -9.5 -inf
3.23594e-10 -9.49 -inf
3.31131e-10 -9.48 -inf
3.38844e-10 -9.47 -inf
3.46737e-10 -9.46 -inf
3.54813e-10 -9.45 -inf
3.63078e-10 -9.44 -inf
3.71535e-10 -9.43 -inf
3.80189e-10 -9.42 -inf
3.89045e-10 -9.41 -inf
3.98107e-10 -9.4 -inf
4.0738e-10 -9.39 -inf
4.16869e-10 -9.38 -inf
4.2658e-10 -9.37 -inf
4.36516e-10 -9.36 -inf
4.46684e-10 -9.35 -inf
4.57088e-10 -9.34 -inf
4.67735e-10 -9.33 -inf
4.7863e-10 -9.32 -inf
4.89779e-10 -9.31 -inf
5.01187e-10 -9.3 -inf
5.12861e-10 -9.29 -inf
5.24807e-10 -9.28 -inf
5.37032e-10 -9.27 -inf
5.49541e-10 -9.26 -inf
5.62341e-10 -9.25 -inf
5.7544e-10 -9.24 -inf
5.88844e-10 -9.23 -inf
6.0256e-10 -9.22 -inf
6.16595e-10 -9.21 -inf
6.30957e-10 -9.2 -inf
6.45654e-10 -9.19 -inf
6.60693e-10 -9.18 -inf
6.76083e-10 -9.17 -inf
6.91831e-10 -9.16 -inf
7.07946e-10 -9.15 -inf
7.24436e-10 -9.14 -inf
7.4131e-10 -9.13 -inf
7.58578e-10 -9.12 -inf
7.76247e-10 -9.11 -inf
7.94328e-10 -9.1 -inf
8.12831e-10 -9.09 -inf
8.31764e-10 -9.08 -inf
8.51138e-10 -9.07 -inf
8.70964e-10 -9.06 -inf
8.91251e-10 -9.05 -inf
9.12011e-10 -9.04 -inf
9.33254e-10 -9.03 -inf
9.54993e-10 -9.02 -inf
9.77237e-10 -9.01 -inf
1e-09 -9 -inf
1.02329e-09 -8.99 -inf
1.04713e-09 -8.98 -inf
1.07152e-09 -8.97 -inf
1.09648e-09 -8.96 -inf
1.12202e-09 -8.95 -inf
1.14815e-09 -8.94 -inf
1.1749e-09 -8.93 -inf
1.20226e-09 -8.92 -inf
1.23027e-09 -8.91 -inf
1.25893e-09 -8.9 -inf
1.28825e-09 -8.89 -inf
1.31826e-09 -8.88 -inf
1.34896e-09 -8.87 -inf
1.38038e-09 -8.86 -inf
1.41254e-09 -8.85 -inf
1.44544e-09 -8.84 -inf
1.47911e-09 -8.83 -inf
1.51356e-09 -8.82 -inf
1.54882e-09 -8.81 -inf
1.58489e-09 -8.8 -inf
1.62181e-09 -8.79 -inf
1.65959e-09 -8.78 -inf
1.69824e-09 -8.77 -inf
1.7378e-09 -8.76 -inf
1.77828e-09 -8.75 -inf
1.8197e-09 -8.74 -inf
1.86209e-09 -8.73 -inf
1.90546e-09 -8.72 -inf
1.94984e-09 -8.71 -inf
1.99526e-09 -8.7 -inf
2.04174e-09 -8.69 -inf
2.0893e-09 -8.68 -inf
2.13796e-09 -8.67 -inf
2.18776e-09 -8.66 -inf
2.23872e-09 -8.65 -inf
2.29087e-09 -8.64 -inf
2.34423e-09 -8.63 -inf
2.39883e-09 -8.62 -inf
2.45471e-09 -8.61 -inf
2.51189e-09 -8.6 -inf
2.5704e-09 -8.59 -inf
2.63027e-09 -8.58 -inf
2.69153e-09 -8.57 -inf
2.75423e-09 -8.56 -inf
2.81838e-09 -8.55 -inf
2.88403e-09 -8.54 -inf
2.95121e-09 -8.53 -inf
3.01995e-09 -8.52 -inf
3.0903e-09 -8.51 -inf
3.16228e-09 -8.5 -inf
3.23594e-09 -8.49 -inf
3.31131e-09 -8.48 -inf
3.38844e-09 -8.47 -inf
3.46737e-09 -8.46 -15.9546
3.54813e-09 -8.45 -inf
3.63078e-09 -8.44 -inf
3.71535e-09 -8.43 -inf
3.80189e-09 -8.42 -inf
3.89045e-09 -8.41 -inf
3.98107e-09 -8.4 -inf
4.0738e-09 -8.39 -inf
4.16869e-09 -8.38 -inf
4.2658e-09 -8.37 -inf
4.36516e-09 -8.36 -inf
4.46684e-09 -8.35 -inf
4.57088e-09 -8.34 -inf
4.67735e-09 -8.33 -inf
4.7863e-09 -8.32 -inf
4.89779e-09 -8.31 -inf
5.01187e-09 -8.3 -inf
5.12861e-09 -8.29 -inf
5.24807e-09 -8.28 -inf
5.37032e-09 -8.27 -inf
5.49541e-09 -8.26 -inf
5.62341e-09 -8.25 -inf
5.7544e-09 -8.24 -inf
5.88844e-09 -8.23 -inf
6.0256e-09 -8.22 -inf
6.16595e-09 -8.21 -inf
6.30957e-09 -8.2 -inf
6.45654e-09 -8.19 -inf
6.60693e-09 -8.18 -inf
6.76083e-09 -8.17 -inf
6.91831e-09 -8.16 -inf
7.07946e-09 -8.15 -inf
7.24436e-09 -8.14 -inf
7.4131e-09 -8.13 -inf
7.58578e-09 -8.12 -inf
7.76247e-09 -8.11 -inf
7.94328e-09 -8.1 -inf
8.12831e-09 -8.09 -inf
8.31764e-09 -8.08 -inf
8.51138e-09 -8.07 -15.9546
8.70964e-09 -8.06 -inf
8.91251e-09 -8.05 -inf
9.12011e-09 -8.04 -inf
9.33254e-09 -8.03 -inf
9.54993e-09 -8.02 -15.9546
9.77237e-09 -8.01 -inf
1e-08 -8 -inf
1.02329e-08 -7.99 -inf
1.04713e-08 -7.98 -inf
1.07152e-08 -7.97 -inf
1.09648e-08 -7.96 -inf
1.12202e-08 -7.95 -inf
1.14815e-08 -7.94 -inf
1.1749e-08 -7.93 -inf
1.20226e-08 -7.92 -15.9546
1.23027e-08 -7.91 -inf
1.25893e-08 -7.9 -inf
1.28825e-08 -7.89 -inf
1.31826e-08 -7.88 -15.9546
1.34896e-08 -7.87 -inf
1.38038e-08 -7.86 -15.9546
1.41254e-08 -7.85 -15.9546
1.44544e-08 -7.84 -inf
1.47911e-08 -7.83 -inf
1.51356e-08 -7.82 -15.9546
1.54882e-08 -7.81 -inf
1.58489e-08 -7.8 -inf
1.62181e-08 -7.79 -15.9546
1.65959e-08 -7.78 -15.9546
1.69824e-08 -7.77 -15.9546
1.7378e-08 -7.76 -15.9546
1.77828e-08 -7.75 -15.9546
1.8197e-08 -7.74 -inf
1.86209e-08 -7.73 -15.9546
1.90546e-08 -7.72 -inf
1.94984e-08 -7.71 -15.9546
1.99526e-08 -7.7 -15.9546
2.04174e-08 -7.69 -15.9546
2.0893e-08 -7.68 -inf
2.13796e-08 -7.67 -inf
2.18776e-08 -7.66 -15.9546
2.23872e-08 -7.65 -inf
2.29087e-08 -7.64 -inf
2.34423e-08 -7.63 -inf
2.39883e-08 -7.62 -15.9546
2.45471e-08 -7.61 -inf
2.51189e-08 -7.6 -inf
2.5704e-08 -7.59 -inf
2.63027e-08 -7.58 -inf
2.69153e-08 -7.57 -inf
2.75423e-08 -7.56 -15.9546
2.81838e-08 -7.55 -inf
2.88403e-08 -7.54 -inf
2.95121e-08 -7.53 -15.9546
3.01995e-08 -7.52 -inf
3.0903e-08 -7.51 -15.9546
3.16228e-08 -7.5 -inf
3.23594e-08 -7.49 -15.9546
3.31131e-08 -7.48 -inf
3.38844e-08 -7.47 -inf
3.46737e-08 -7.46 -inf
3.54813e-08 -7.45 -inf
3.63078e-08 -7.44 -inf
3.71535e-08 -7.43 -inf
3.80189e-08 -7.42 -inf
3.89045e-08 -7.41 -inf
3.98107e-08 -7.4 -inf
4.0738e-08 -7.39 -15.9546
4.16869e-08 -7.38 -inf
4.2658e-08 -7.37 -inf
4.36516e-08 -7.36 -inf
4.46684e-08 -7.35 -inf
4.57088e-08 -7.34 -inf
4.67735e-08 -7.33 -inf
4.7863e-08 -7.32 -15.9546
4.89779e-08 -7.31 -inf
5.01187e-08 -7.3 -inf
5.12861e-08 -7.29 -inf
5.24807e-08 -7.28 -inf
5.37032e-08 -7.27 -15.9546
5.49541e-08 -7.26 -15.9546
5.62341e-08 -7.25 -15.9546
5.7544e-08 -7.24 -inf
5.88844e-08 -7.23 -15.9546
6.0256e-08 -7.22 -15.9546
6.16595e-08 -7.21 -inf
6.30957e-08 -7.2 -inf
6.45654e-08 -7.19 -15.9546
6.60693e-08 -7.18 -inf
6.76083e-08 -7.17 -inf
6.91831e-08 -7.16 -inf
7.07946e-08 -7.15 -15.9546
7.24436e-08 -7.14 -inf
7.4131e-08 -7.13 -15.9546
7.58578e-08 -7.12 -15.9546
7.76247e-08 -7.11 -15.9546
7.94328e-08 -7.1 -inf
8.12831e-08 -7.09 -inf
8.31764e-08 -7.08 -inf
8.51138e-08 -7.07 -inf
8.70964e-08 -7.06 -inf
8.91251e-08 -7.05 -inf
9.12011e-08 -7.04 -15.9546
9.33254e-08 -7.03 -inf
9.54993e-08 -7.02 -15.9546
9.77237e-08 -7.01 -inf
1e-07 -7 -inf
1.02329e-07 -6.99 -inf
1.04713e-07 -6.98 -15.9546
1.07152e-07 -6.97 -inf
1.09648e-07 -6.96 -inf
1.12202e-07 -6.95 -inf
1.14815e-07 -6.94 -inf
1.1749e-07 -6.93 -inf
1.20226e-07 -6.92 -inf
1.23027e-07 -6.91 -inf
1.25893e-07 -6.9 -inf
1.28825e-07 -6.89 -inf
1.31826e-07 -6.88 -inf
1.34896e-07 -6.87 -15.9546
1.38038e-07 -6.86 -inf
1.41254e-07 -6.85 -inf
1.44544e-07 -6.84 -inf
1.47911e-07 -6.83 -inf
1.51356e-07 -6.82 -inf
1.54882e-07 -6.81 -inf
1.58489e-07 -6.8 -inf
1.62181e-07 -6.79 -inf
1.65959e-07 -6.78 -15.9546
1.69824e-07 -6.77 -inf
1.7378e-07 -6.76 -inf
1.77828e-07 -6.75 -15.9546
1.8197e-07 -6.74 -inf
1.86209e-07 -6.73 -inf
1.90546e-07 -6.72 -inf
1.94984e-07 -6.71 -inf
1.99526e-07 -6.7 -inf
2.04174e-07 -6.69 -inf
2.0893e-07 -6.68 -inf
2.13796e-07 -6.67 -inf
2.18776e-07 -6.66 -15.9546
2.23872e-07 -6.65 -15.9546
2.29087e-07 -6.64 -inf
2.34423e-07 -6.63 -15.9546
2.39883e-07 -6.62 -inf
2.45471e-07 -6.61 -15.9546
2.51189e-07 -6.6 -inf
2.5704e-07 -6.59 -inf
2.63027e-07 -6.58 -inf
2.69153e-07 -6.57 -inf
2.75423e-07 -6.56 -inf
2.81838e-07 -6.55 -inf
2.88403e-07 -6.54 -inf
2.95121e-07 -6.53 -15.9546
3.01995e-07 -6.52 -inf
3.0903e-07 -6.51 -15.9546
3.16228e-07 -6.5 -inf
3.23594e-07 -6.49 -inf
3.31131e-07 -6.48 -15.9546
3.38844e-07 -6.47 -inf
3.46737e-07 -6.46 -inf
3.54813e-07 -6.45 -inf
3.63078e-07 -6.44 -inf
3.71535e-07 -6.43 -inf
3.80189e-07 -6.42 -inf
3.89045e-07 -6.41 -inf
3.98107e-07 -6.4 -inf
4.0738e-07 -6.39 -inf
4.16869e-07 -6.38 -inf
4.2658e-07 -6.37 -inf
4.36516e-07 -6.36 -inf
4.46684e-07 -6.35 -15.9546
4.57088e-07 -6.34 -15.9546
4.67735e-07 -6.33 -inf
4.7863e-07 -6.32 -15.9546
4.89779e-07 -6.31 -inf
5.01187e-07 -6.3 -inf
5.12861e-07 -6.29 -inf
5.24807e-07 -6.28 -inf
5.37032e-07 -6.27 -inf
5.49541e-07 -6.26 -15.9546
5.62341e-07 -6.25 -inf
5.7544e-07 -6.24 -inf
5.88844e-07 -6.23 -inf
6.0256e-07 -6.22 -inf
6.16595e-07 -6.21 -inf
6.30957e-07 -6.2 -15.9546
6.45654e-07 -6.19 -inf
6.60693e-07 -6.18 -inf
6.76083e-07 -6.17 -inf
6.91831e-07 -6.16 -inf
7.07946e-07 -6.15 -15.9546
7.24436e-07 -6.14 -inf
7.4131e-07 -6.13 -15.9546
7.58578e-07 -6.12 -inf
7.76247e-07 -6.11 -15.9546
7.94328e-07 -6.1 -inf
8.12831e-07 -6.09 -inf
8.31764e-07 -6.08 -inf
8.51138e-07 -6.07 -inf
8.70964e-07 -6.06 -inf
8.91251e-07 -6.05 -15.9546
9.12011e-07 -6.04 -15.9546
9.33254e-07 -6.03 -inf
9.54993e-07 -6.02 -15.9546
9.77237e-07 -6.01 -15.9546
1e-06 -6 -inf
1.02329e-06 -5.99 -inf
1.04713e-06 -5.98 -inf
1.07152e-06 -5.97 -inf
1.09648e-06 -5.96 -inf
1.12202e-06 -5.95 -inf
1.14815e-06 -5.94 -inf
1.1749e-06 -5.93 -15.9546
1.20226e-06 -5.92 -inf
1.23027e-06 -5.91 -inf
1.25893e-06 -5.9 -inf
1.28825e-06 -5.89 -inf
1.31826e-06 -5.88 -inf
1.34896e-06 -5.87 -15.9546
1.38038e-06 -5.86 -15.9546
1.41254e-06 -5.85 -15.9546
1.44544e-06 -5.84 -15.9546
1.47911e-06 -5.83 -inf
1.51356e-06 -5.82 -inf
1.54882e-06 -5.81 -inf
1.58489e-06 -5.8 -inf
1.62181e-06 -5.79 -15.9546
1.65959e-06 -5.78 -inf
1.69824e-06 -5.77 -15.9546
1.7378e-06 -5.76 -inf
1.77828e-06 -5.75 -inf
1.8197e-06 -5.74 -inf
1.86209e-06 -5.73 -inf
1.90546e-06 -5.72 -15.9546
1.94984e-06 -5.71 -inf
1.99526e-06 -5.7 -inf
2.04174e-06 -5.69 -inf
2.0893e-06 -5.68 -inf
2.13796e-06 -5.67 -inf
2.18776e-06 -5.66 -inf
2.23872e-06 -5.65 -15.9546
2.29087e-06 -5.64 -inf
2.34423e-06 -5.63 -inf
2.39883e-06 -5.62 -15.9546
2.45471e-06 -5.61 -inf
2.51189e-06 -5.6 -inf
2.5704e-06 -5.59 -inf
2.63027e-06 -5.58 -inf
2.69153e-06 -5.57 -inf
2.75423e-06 -5.56 -inf
2.81838e-06 -5.55 -inf
2.88403e-06 -5.54 -15.9546
2.95121e-06 -5.53 -inf
3.01995e-06 -5.52 -inf
3.0903e-06 -5.51 -inf
3.16228e-06 -5.5 -inf
3.23594e-06 -5.49 -15.9546
3.31131e-06 -5.48 -inf
3.38844e-06 -5.47 -inf
3.46737e-06 -5.46 -inf
3.54813e-06 -5.45 -inf
3.63078e-06 -5.44 -inf
3.71535e-06 -5.43 -inf
3.80189e-06 -5.42 -inf
3.89045e-06 -5.41 -15.9546
3.98107e-06 -5.4 -15.9546
4.0738e-06 -5.39 -inf
4.16869e-06 -5.38 -inf
4.2658e-06 -5.37 -inf
4.36516e-06 -5.36 -inf
4.46684e-06 -5.35 -inf
4.57088e-06 -5.34 -15.9546
4.67735e-06 -5.33 -inf
4.7863e-06 -5.32 -15.9546
4.89779e-06 -5.31 -inf
5.01187e-06 -5.3 -inf
5.12861e-06 -5.29 -15.9546
5.24807e-06 -5.28 -inf
5.37032e-06 -5.27 -inf
5.49541e-06 -5.26 -15.9546
5.62341e-06 -5.25 -inf
5.7544e-06 -5.24 -15.9546
5.88844e-06 -5.23 -inf
6.0256e-06 -5.22 -inf
6.16595e-06 -5.21 -inf
6.30957e-06 -5.2 -inf
6.45654e-06 -5.19 -inf
6.60693e-06 -5.18 -inf
6.76083e-06 -5.17 -15.9546
6.91831e-06 -5.16 -15.9546
7.07946e-06 -5.15 -15.9546
7.24436e-06 -5.14 -15.9546
7.4131e-06 -5.13 -inf
7.58578e-06 -5.12 -inf
7.76247e-06 -5.11 -inf
7.94328e-06 -5.1 -inf
8.12831e-06 -5.09 -inf
8.31764e-06 -5.08 -15.9546
8.51138e-06 -5.07 -inf
8.70964e-06 -5.06 -inf
8.91251e-06 -5.05 -inf
9.12011e-06 -5.04 -inf
9.33254e-06 -5.03 -inf
9.54993e-06 -5.02 -15.9546
9.77237e-06 -5.01 -inf
1e-05 -5 -inf
1.02329e-05 -4.99 -15.9546
1.04713e-05 -4.98 -inf
1.07152e-05 -4.97 -15.9546
1.09648e-05 -4.96 -inf
1.12202e-05 -4.95 -inf
1.14815e-05 -4.94 -inf
1.1749e-05 -4.93 -inf
1.20226e-05 -4.92 -inf
1.23027e-05 -4.91 -inf
1.25893e-05 -4.9 -inf
1.28825e-05 -4.89 -15.9546
1.31826e-05 -4.88 -15.9546
1.34896e-05 -4.87 -15.9546
1.38038e-05 -4.86 -inf
1.41254e-05 -4.85 -inf
1.44544e-05 -4.84 -inf
1.47911e-05 -4.83 -inf
1.51356e-05 -4.82 -inf
1.54882e-05 -4.81 -15.9546
1.58489e-05 -4.8 -inf
1.62181e-05 -4.79 -inf
1.65959e-05 -4.78 -inf
1.69824e-05 -4.77 -inf
1.7378e-05 -4.76 -inf
1.77828e-05 -4.75 -inf
1.8197e-05 -4.74 -inf
1.86209e-05 -4.73 -inf
1.90546e-05 -4.72 -inf
1.94984e-05 -4.71 -inf
1.99526e-05 -4.7 -inf
2.04174e-05 -4.69 -inf
2.0893e-05 -4.68 -15.9546
2.13796e-05 -4.67 -inf
2.18776e-05 -4.66 -15.9546
2.23872e-05 -4.65 -inf
2.29087e-05 -4.64 -15.9546
2.34423e-05 -4.63 -15.9546
2.39883e-05 -4.62 -inf
2.45471e-05 -4.61 -15.9546
2.51189e-05 -4.6 -inf
2.5704e-05 -4.59 -inf
2.63027e-05 -4.58 -inf
2.69153e-05 -4.57 -inf
2.75423e-05 -4.56 -15.9546
2.81838e-05 -4.55 -inf
2.88403e-05 -4.54 -inf
2.95121e-05 -4.53 -15.9546
3.01995e-05 -4.52 -15.9546
3.0903e-05 -4.51 -15.9546
3.16228e-05 -4.5 -inf
3.23594e-05 -4.49 -15.9546
3.31131e-05 -4.48 -inf
3.38844e-05 -4.47 -15.9546
3.46737e-05 -4.46 -inf
3.54813e-05 -4.45 -inf
3.63078e-05 -4.44 -inf
3.71535e-05 -4.43 -inf
3.80189e-05 -4.42 -inf
3.89045e-05 -4.41 -inf
3.98107e-05 -4.4 -15.9546
4.0738e-05 -4.39 -inf
4.16869e-05 -4.38 -inf
4.2658e-05 -4.37 -inf
4.36516e-05 -4.36 -inf
4.46684e-05 -4.35 -15.9546
4.57088e-05 -4.34 -15.9546
4.67735e-05 -4.33 -inf
4.7863e-05 -4.32 -inf
4.89779e-05 -4.31 -15.9546
5.01187e-05 -4.3 -inf
5.12861e-05 -4.29 -15.9546
5.24807e-05 -4.28 -15.9546
5.37032e-05 -4.27 -inf
5.49541e-05 -4.26 -inf
5.62341e-05 -4.25 -inf
5.7544e-05 -4.24 -15.9546
5.88844e-05 -4.23 -15.9546
6.0256e-05 -4.22 -inf
6.16595e-05 -4.21 -inf
6.30957e-05 -4.2 -inf
6.45654e-05 -4.19 -inf
6.60693e-05 -4.18 -inf
6.76083e-05 -4.17 -15.9546
6.91831e-05 -4.16 -inf
7.07946e-05 -4.15 -inf
7.24436e-05 -4.14 -15.9546
7.4131e-05 -4.13 -inf
7.58578e-05 -4.12 -15.9546
7.76247e-05 -4.11 -15.9546
7.94328e-05 -4.1 -15.9546
8.12831e-05 -4.09 -inf
8.31764e-05 -4.08 -inf
8.51138e-05 -4.07 -15.9546
8.70964e-05 -4.06 -inf
8.91251e-05 -4.05 -15.9546
9.12011e-05 -4.04 -inf
9.33254e-05 -4.03 -inf
9.54993e-05 -4.02 -inf
9.77237e-05 -4.01 -15.9546
0.0001 -4 -15.9546
0.000102329 -3.99 -15.9546
0.000104713 -3.98 -inf
0.000107152 -3.97 -inf
0.000109648 -3.96 -inf
0.000112202 -3.95 -inf
0.000114815 -3.94 -inf
0.00011749 -3.93 -inf
0.000120226 -3.92 -15.9546
0.000123027 -3.91 -inf
0.000125893 -3.9 -15.9546
0.000128825 -3.89 -inf
0.000131826 -3.88 -inf
0.000134896 -3.87 -inf
0.000138038 -3.86 -15.9546
0.000141254 -3.85 -15.9546
0.000144544 -3.84 -inf
0.000147911 -3.83 -15.9546
0.000151356 -3.82 -inf
0.000154882 -3.81 -inf
0.000158489 -3.8 -inf
0.000162181 -3.79 -inf
0.000165959 -3.78 -15.9546
0.000169824 -3.77 -inf
0.00017378 -3.76 -15.9546
0.000177828 -3.75 -inf
0.00018197 -3.74 -15.9546
0.000186209 -3.73 -inf
0.000190546 -3.72 -inf
0.000194984 -3.71 -inf
0.000199526 -3.7 -inf
0.000204174 -3.69 -15.9545
0.00020893 -3.68 -15.9545
0.000213796 -3.67 -inf
0.000218776 -3.66 -15.9545
0.000223872 -3.65 -inf
0.000229087 -3.64 -15.9545
0.000234423 -3.63 -15.9545
0.000239883 -3.62 -15.9545
0.000245471 -3.61 -inf
0.000251189 -3.6 -inf
0.00025704 -3.59 -15.9545
0.000263027 -3.58 -15.9545
0.000269153 -3.57 -15.9545
0.000275423 -3.56 -15.9545
0.000281838 -3.55 -inf
0.000288403 -3.54 -inf
0.000295121 -3.53 -inf
0.000301995 -3.52 -inf
0.00030903 -3.51 -inf
0.000316228 -3.5 -inf
0.000323594 -3.49 -inf
0.000331131 -3.48 -inf
0.000338844 -3.47 -inf
0.000346737 -3.46 -inf
0.000354813 -3.45 -inf
0.000363078 -3.44 -15.9545
0.000371535 -3.43 -inf
0.000380189 -3.42 -15.9545
0.000389045 -3.41 -inf
0.000398107 -3.4 -inf
0.00040738 -3.39 -inf
0.000416869 -3.38 -inf
0.00042658 -3.37 -15.9545
0.000436516 -3.36 -inf
0.000446684 -3.35 -15.9545
0.000457088 -3.34 -15.9545
0.000467735 -3.33 -15.9545
0.00047863 -3.32 -inf
0.000489779 -3.31 -15.9545
0.000501187 -3.3 -inf
0.000512861 -3.29 -15.9545
0.000524807 -3.28 -15.9545
0.000537032 -3.27 -inf
0.000549541 -3.26 -15.9545
0.000562341 -3.25 -15.9545
0.00057544 -3.24 -15.9545
0.000588844 -3.23 -inf
0.00060256 -3.22 -inf
0.000616595 -3.21 -inf
0.000630957 -3.2 -inf
0.000645654 -3.19 -inf
0.000660693 -3.18 -15.9544
0.000676083 -3.17 -15.9544
0.000691831 -3.16 -inf
0.000707946 -3.15 -15.9544
0.000724436 -3.14 -inf
0.00074131 -3.13 -inf
0.000758578 -3.12 -inf
0.000776247 -3.11 -inf
0.000794328 -3.1 -inf
0.000812831 -3.09 -inf
0.000831764 -3.08 -inf
0.000851138 -3.07 -15.9544
0.000870964 -3.06 -inf
0.000891251 -3.05 -15.9544
0.000912011 -3.04 -inf
0.000933254 -3.03 -15.9544
0.000954993 -3.02 -15.9544
0.000977237 -3.01 -15.9544
0.001 -3 -15.9544
0.00102329 -2.99 -inf
0.00104713 -2.98 -inf
0.00107152 -2.97 -inf
0.00109648 -2.96 -inf
0.00112202 -2.95 -15.9543
0.00114815 -2.94 -inf
0.0011749 -2.93 -15.9543
0.00120226 -2.92 -15.9543
0.00123027 -2.91 -inf
0.00125893 -2.9 -15.9543
0.00128825 -2.89 -15.9543
0.00131826 -2.88 -inf
0.00134896 -2.87 -15.9543
0.00138038 -2.86 -15.9543
0.00141254 -2.85 -inf
0.00144544 -2.84 -inf
0.00147911 -2.83 -inf
0.00151356 -2.82 -inf
0.00154882 -2.81 -inf
0.00158489 -2.8 -15.9542
0.00162181 -2.79 -inf
0.00165959 -2.78 -15.9542
0.00169824 -2.77 -15.9542
0.0017378 -2.76 -15.9542
0.00177828 -2.75 -15.9542
0.0018197 -2.74 -15.9542
0.00186209 -2.73 -inf
0.00190546 -2.72 -inf
0.00194984 -2.71 -inf
0.00199526 -2.7 -15.9542
0.00204174 -2.69 -inf
0.0020893 -2.68 -inf
0.00213796 -2.67 -inf
0.00218776 -2.66 -15.9541
0.00223872 -2.65 -15.9541
0.00229087 -2.64 -15.9541
0.00234423 -2.63 -inf
0.00239883 -2.62 -inf
0.00245471 -2.61 -15.9541
0.00251189 -2.6 -inf
0.0025704 -2.59 -inf
0.00263027 -2.58 -15.954
0.00269153 -2.57 -inf
0.00275423 -2.56 -15.954
0.00281838 -2.55 -inf
0.00288403 -2.54 -15.954
0.00295121 -2.53 -inf
0.00301995 -2.52 -15.9539
0.0030903 -2.51 -inf
0.00316228 -2.5 -inf
0.00323594 -2.49 -15.9539
0.00331131 -2.48 -inf
0.00338844 -2.47 -inf
0.00346737 -2.46 -inf
0.00354813 -2.45 -15.9538
0.00363078 -2.44 -inf
0.00371535 -2.43 -inf
0.00380189 -2.42 -inf
0.00389045 -2.41 -inf
0.00398107 -2.4 -15.9537
0.0040738 -2.39 -inf
0.00416869 -2.38 -inf
0.0042658 -2.37 -inf
0.00436516 -2.36 -inf
0.00446684 -2.35 -inf
0.00457088 -2.34 -inf
0.00467735 -2.33 -inf
0.0047863 -2.32 -15.9536
0.00489779 -2.31 -15.9535
0.00501187 -2.3 -inf
0.00512861 -2.29 -inf
0.00524807 -2.28 -inf
0.00537032 -2.27 -inf
0.00549541 -2.26 -15.9534
0.00562341 -2.25 -inf
0.0057544 -2.24 -inf
0.00588844 -2.23 -15.9533
0.0060256 -2.22 -inf
0.00616595 -2.21 -inf
0.00630957 -2.2 -inf
0.00645654 -2.19 -inf
0.00660693 -2.18 -15.9532
0.00676083 -2.17 -inf
0.00691831 -2.16 -inf
0.00707946 -2.15 -inf
0.00724436 -2.14 -15.953
0.0074131 -2.13 -15.953
0.00758578 -2.12 -15.9529
0.00776247 -2.11 -15.9529
0.00794328 -2.1 -15.9529
0.00812831 -2.09 -inf
0.00831764 -2.08 -inf
0.00851138 -2.07 -15.9527
0.00870964 -2.06 -15.9527
0.00891251 -2.05 -15.9527
0.00912011 -2.04 -15.9526
0.00933254 -2.03 -inf
0.00954993 -2.02 -inf
0.00977237 -2.01 -inf
0.01 -2 -inf
0.0102329 -1.99 -inf
0.0104713 -1.98 -15.9523
0.0107152 -1.97 -inf
0.0109648 -1.96 -15.9522
0.0112202 -1.95 -inf
0.0114815 -1.94 -inf
0.011749 -1.93 -inf
0.0120226 -1.92 -15.952
0.0123027 -1.91 -15.9519
0.0125893 -1.9 -15.9519
0.0128825 -1.89 -inf
0.0131826 -1.88 -inf
0.0134896 -1.87 -inf
0.0138038 -1.86 -inf
0.0141254 -1.85 -15.9515
0.0144544 -1.84 -inf
0.0147911 -1.83 -15.9514
0.0151356 -1.82 -inf
0.0154882 -1.81 -inf
0.0158489 -1.8 -inf
0.0162181 -1.79 -15.9511
0.0165959 -1.78 -15.951
0.0169824 -1.77 -inf
0.017378 -1.76 -15.9508
0.0177828 -1.75 -15.9507
0.018197 -1.74 -15.9506
0.0186209 -1.73 -15.9506
0.0190546 -1.72 -inf
0.0194984 -1.71 -inf
0.0199526 -1.7 -15.9503
0.0204174 -1.69 -inf
0.020893 -1.68 -inf
0.0213796 -1.67 -inf
0.0218776 -1.66 -15.6488
0.0223872 -1.65 -inf
0.0229087 -1.64 -15.9496
0.0234423 -1.63 -15.9495
0.0239883 -1.62 -15.9494
0.0245471 -1.61 -15.6482
0.0251189 -1.6 -15.9491
0.025704 -1.59 -inf
0.0263027 -1.58 -inf
0.0269153 -1.57 -15.9488
0.0275423 -1.56 -inf
0.0281838 -1.55 -inf
0.0288403 -1.54 -15.9483
0.0295121 -1.53 -inf
0.0301995 -1.52 -inf
0.030903 -1.51 -inf
0.0316228 -1.5 -15.9477
0.0323594 -1.49 -inf
0.0331131 -1.48 -inf
0.0338844 -1.47 -15.9473
0.0346737 -1.46 -15.9471
0.0354813 -1.45 -inf
0.0363078 -1.44 -15.6457
0.0371535 -1.43 -inf
0.0380189 -1.42 -inf
0.0389045 -1.41 -inf
0.0398107 -1.4 -inf
0.040738 -1.39 -15.9458
0.0416869 -1.38 -15.9456
0.042658 -1.37 -15.9454
0.0436516 -1.36 -inf
0.0446684 -1.35 -inf
0.0457088 -1.34 -inf
0.0467735 -1.33 -15.6434
0.047863 -1.32 -inf
0.0489779 -1.31 -15.643
0.0501187 -1.3 -15.9438
0.0512861 -1.29 -inf
0.0524807 -1.28 -inf
0.0537032 -1.27 -15.943
0.0549541 -1.26 -inf
0.0562341 -1.25 -inf
0.057544 -1.24 -15.9422
0.0588844 -1.23 -15.6408
0.060256 -1.22 -inf
0.0616595 -1.21 -inf
0.0630957 -1.2 -15.941
0.0645654 -1.19 -inf
0.0660693 -1.18 -15.9403
0.0676083 -1.17 -15.94
0.0691831 -1.16 -inf
0.0707946 -1.15 -15.9393
0.0724436 -1.14 -15.6379
0.074131 -1.13 -15.6376
0.0758578 -1.12 -15.9382
0.0776247 -1.11 -inf
0.0794328 -1.1 -15.9375
0.0812831 -1.09 -15.9371
0.0831764 -1.08 -15.9367
0.0851138 -1.07 -15.9362
0.0870964 -1.06 -15.9358
0.0891251 -1.05 -inf
0.0912011 -1.04 -inf
0.0933254 -1.03 -inf
0.0954993 -1.02 -inf
0.0977237 -1.01 -15.9335
0.1 -1 -inf
0.102329 -0.99 -inf
0.104713 -0.98 -inf
0.107152 -0.97 -15.9315
0.109648 -0.96 -inf
0.112202 -0.95 -15.9305
0.114815 -0.94 -15.9299
0.11749 -0.93 -15.9293
0.120226 -0.92 -inf
0.123027 -0.91 -15.9281
0.125893 -0.9 -15.6265
0.128825 -0.89 -15.9269
0.131826 -0.88 -inf
0.134896 -0.87 -15.9256
0.138038 -0.86 -15.925
0.141254 -0.85 -15.9243
0.144544 -0.84 -15.9236
0.147911 -0.83 -inf
0.151356 -0.82 -inf
0.154882 -0.81 -15.6204
0.158489 -0.8 -inf
0.162181 -0.79 -inf
0.165959 -0.78 -inf
0.169824 -0.77 -15.9182
0.17378 -0.76 -inf
0.177828 -0.75 -inf
0.18197 -0.74 -inf
0.186209 -0.73 -inf
0.190546 -0.72 -inf
0.194984 -0.71 -15.9129
0.199526 -0.7 -inf
0.204174 -0.69 -inf
0.20893 -0.68 -15.91
0.213796 -0.67 -inf
0.218776 -0.66 -15.9079
0.223872 -0.65 -inf
0.229087 -0.64 -15.6048
0.234423 -0.63 -15.9047
0.239883 -0.62 -inf
0.245471 -0.61 -15.9024
0.251189 -0.6 -inf
0.25704 -0.59 -inf
0.263027 -0.58 -15.5977
0.269153 -0.57 -inf
0.275423 -0.56 -15.419
0.281838 -0.55 -inf
0.288403 -0.54 -15.5924
0.295121 -0.53 -15.591
0.301995 -0.52 -15.8907
0.30903 -0.51 -15.8892
0.316228 -0.5 -15.8877
0.323594 -0.49 -inf
0.331131 -0.48 -15.5836
0.338844 -0.47 -15.8831
0.346737 -0.46 -15.8815
0.354813 -0.45 -15.8798
0.363078 -0.44 -15.8781
0.371535 -0.43 -inf
0.380189 -0.42 -inf
0.389045 -0.41 -inf
0.398107 -0.4 -inf
0.40738 -0.39 -15.5681
0.416869 -0.38 -15.8672
0.42658 -0.37 -15.5642
0.436516 -0.36 -inf
0.446684 -0.35 -15.8612
0.457088 -0.34 -15.8591
0.467735 -0.33 -15.857
0.47863 -0.32 -inf
0.489779 -0.31 -15.8526
0.501187 -0.3 -15.8503
0.512861 -0.29 -inf
0.524807 -0.28 -15.5446
0.537032 -0.27 -15.8432
0.549541 -0.26 -15.8407
0.562341 -0.25 -15.8382
0.57544 -0.24 -15.8356
0.588844 -0.23 -15.532
0.60256 -0.22 -inf
0.616595 -0.21 -15.5265
0.630957 -0.2 -inf
0.645654 -0.19 -15.5209
0.660693 -0.18 -inf
0.676083 -0.17 -inf
0.691831 -0.16 -inf
0.707946 -0.15 -inf
0.724436 -0.14 -15.5057
0.74131 -0.13 -15.5025
0.758578 -0.12 -15.8002
0.776247 -0.11 -inf
0.794328 -0.1 -15.7935
0.812831 -0.09 -inf
0.831764 -0.08 -15.4854
0.851138 -0.07 -15.7828
0.870964 -0.06 -15.302
0.891251 -0.05 -15.4743
0.912011 -0.04 -inf
0.933254 -0.03 -inf
0.954993 -0.02 -15.4626
0.977237 -0.01 -15.7595
1 0 -15.7554
1.02329 0.01 -15.7512
1.04713 0.02 -inf
1.07152 0.03 -inf
1.09648 0.04 -15.738
1.12202 0.05 -15.7335
1.14815 0.06 -15.7289
1.1749 0.07 -15.7242
1.20226 0.08 -inf
1.23027 0.09 -15.7145
1.25893 0.1 -inf
1.28825 0.11 -15.7045
1.31826 0.12 -inf
1.34896 0.13 -15.6941
1.38038 0.14 -inf
1.41254 0.15 -inf
1.44544 0.16 -inf
1.47911 0.17 -inf
1.51356 0.18 -inf
1.54882 0.19 -15.6608
1.58489 0.2 -inf
1.62181 0.21 -inf
1.65959 0.22 -15.944
1.69824 0.23 -inf
1.7378 0.24 -15.9316
1.77828 0.25 -inf
1.8197 0.26 -15.9188
1.86209 0.27 -inf
1.90546 0.28 -inf
1.94984 0.29 -inf
1.99526 0.3 -15.8921
2.04174 0.31 -inf
2.0893 0.32 -inf
2.13796 0.33 -inf
2.18776 0.34 -inf
2.23872 0.35 -inf
2.29087 0.36 -inf
2.34423 0.37 -15.8418
2.39883 0.38 -inf
2.45471 0.39 -inf
2.51189 0.4 -inf
2.5704 0.41 -15.8111
2.63027 0.42 -15.8031
2.69153 0.43 -inf
2.75423 0.44 -15.7871
2.81838 0.45 -inf
2.88403 0.46 -inf
2.95121 0.47 -inf
3.01995 0.48 -15.7539
3.0903 0.49 -inf
3.16228 0.5 -inf
3.23594 0.51 -inf
3.31131 0.52 -inf
3.38844 0.53 -inf
3.46737 0.54 -15.7019
3.54813 0.55 -inf
3.63078 0.56 -inf
3.71535 0.57 -15.6749
3.80189 0.58 -inf
3.89045 0.59 -inf
3.98107 0.6 -inf
4.0738 0.61 -inf
4.16869 0.62 -inf
4.2658 0.63 -inf
4.36516 0.64 -inf
4.46684 0.65 -15.9016
4.57088 0.66 -15.8921
4.67735 0.67 -inf
4.7863 0.68 -inf
4.89779 0.69 -15.8634
5.01187 0.7 -15.8537
5.12861 0.71 -inf
5.24807 0.72 -15.8344
5.37032 0.73 -15.8246
5.49541 0.74 -inf
5.62341 0.75 -inf
5.7544 0.76 -inf
5.88844 0.77 -15.7854
6.0256 0.78 -15.7756
6.16595 0.79 -inf
6.30957 0.8 -inf
6.45654 0.81 -inf
6.60693 0.82 -inf
6.76083 0.83 -inf
6.91831 0.84 -15.7162
7.07946 0.85 -inf
7.24436 0.86 -inf
7.4131 0.87 -inf
7.58578 0.88 -inf
7.76247 0.89 -15.6665
7.94328 0.9 -inf
8.12831 0.91 -15.9476
8.31764 0.92 -inf
8.51138 0.93 -inf
8.70964 0.94 -inf
8.91251 0.95 -inf
9.12011 0.96 -15.8976
9.33254 0.97 -15.8876
9.54993 0.98 -inf
9.77237 0.99 -inf
10 1 -inf
10.2329 1.01 -inf
10.4713 1.02 -inf
10.7152 1.03 -inf
10.9648 1.04 -inf
11.2202 1.05 -inf
11.4815 1.06 -inf
11.749 1.07 -inf
12.0226 1.08 -15.7777
12.3027 1.09 -inf
12.5893 1.1 -15.7577
12.8825 1.11 -inf
13.1826 1.12 -15.7377
13.4896 1.13 -15.7277
13.8038 1.14 -inf
14.1254 1.15 -inf
14.4544 1.16 -inf
14.7911 1.17 -inf
15.1356 1.18 -inf
15.4882 1.19 -inf
15.8489 1.2 -inf
16.2181 1.21 -15.9487
16.5959 1.22 -15.9387
16.9824 1.23 -inf
17.378 1.24 -15.9187
17.7828 1.25 -15.9087
18.197 1.26 -inf
18.6209 1.27 -15.8887
19.0546 1.28 -15.8787
19.4984 1.29 -15.8687
19.9526 1.3 -inf
20.4174 1.31 -inf
20.893 1.32 -15.8387
21.3796 1.33 -inf
21.8776 1.34 -inf
22.3872 1.35 -inf
22.9087 1.36 -inf
23.4423 1.37 -inf
23.9883 1.38 -inf
24.5471 1.39 -inf
25.1189 1.4 -inf
25.704 1.41 -15.7487
26.3027 1.42 -inf
26.9153 1.43 -inf
27.5423 1.44 -inf
28.1838 1.45 -15.7087
28.8403 1.46 -inf
29.5121 1.47 -15.6887
30.1995 1.48 -inf
30.903 1.49 -inf
31.6228 1.5 -inf
32.3594 1.51 -15.9497
33.1131 1.52 -inf
33.8844 1.53 -15.9297
34.6737 1.54 -inf
35.4813 1.55 -15.9097
36.3078 1.56 -15.8997
37.1535 1.57 -inf
38.0189 1.58 -15.8797
38.9045 1.59 -inf
39.8107 1.6 -inf
40.738 1.61 -inf
41.6869 1.62 -inf
42.658 1.63 -15.8297
43.6516 1.64 -inf
44.6684 1.65 -15.8097
45.7088 1.66 -inf
46.7735 1.67 -inf
47.863 1.68 -inf
48.9779 1.69 -inf
50.1187 1.7 -inf
51.2861 1.71 -15.7497
52.4807 1.72 -inf
53.7032 1.73 -inf
54.9541 1.74 -15.7197
56.2341 1.75 -inf
57.544 1.76 -inf
58.8844 1.77 -inf
60.256 1.78 -inf
61.6595 1.79 -inf
63.0957 1.8 -inf
64.5654 1.81 -inf
66.0693 1.82 -15.9408
67.6083 1.83 -inf
69.1831 1.84 -inf
70.7946 1.85 -15.9108
72.4436 1.86 -15.9008
74.131 1.87 -inf
75.8578 1.88 -inf
77.6247 1.89 -inf
79.4328 1.9 -inf
81.2831 1.91 -inf
83.1764 1.92 -15.8408
85.1138 1.93 -inf
87.0964 1.94 -inf
89.1251 1.95 -15.8108
91.2011 1.96 -inf
93.3254 1.97 -inf
95.4993 1.98 -inf
97.7237 1.99 -inf
100 2 -inf
102.329 2.01 -inf
104.713 2.02 -15.7408
107.152 2.03 -inf
109.648 2.04 -inf
112.202 2.05 -inf
114.815 2.06 -inf
117.49 2.07 -inf
120.226 2.08 -15.6808
123.027 2.09 -inf
125.893 2.1 -inf
128.825 2.11 -inf
131.826 2.12 -15.9418
134.896 2.13 -15.9318
138.038 2.14 -15.9218
141.254 2.15 -inf
144.544 2.16 -inf
147.911 2.17 -15.8918
151.356 2.18 -inf
154.882 2.19 -inf
158.489 2.2 -inf
162.181 2.21 -15.8518
165.959 2.22 -inf
169.824 2.23 -inf
173.78 2.24 -15.8218
177.828 2.25 -inf
181.97 2.26 -inf
186.209 2.27 -15.7918
190.546 2.28 -15.7818
194.984 2.29 -inf
199.526 2.3 -inf
204.174 2.31 -inf
208.93 2.32 -inf
213.796 2.33 -inf
218.776 2.34 -inf
223.872 2.35 -inf
229.087 2.36 -15.7018
234.423 2.37 -inf
239.883 2.38 -inf
245.471 2.39 -15.6718
251.189 2.4 -inf
257.04 2.41 -15.9528
263.027 2.42 -15.9428
269.153 2.43 -inf
275.423 2.44 -15.9228
281.838 2.45 -15.9128
288.403 2.46 -inf
295.121 2.47 -15.8928
301.995 2.48 -inf
309.03 2.49 -15.8728
316.228 2.5 -15.8628
323.594 2.51 -15.8528
331.131 2.52 -inf
338.844 2.53 -15.8328
346.737 2.54 -inf
354.813 2.55 -inf
363.078 2.56 -inf
371.535 2.57 -inf
380.189 2.58 -15.7828
389.045 2.59 -15.7728
398.107 2.6 -15.7628
407.38 2.61 -inf
416.869 2.62 -15.7428
426.58 2.63 -inf
436.516 2.64 -15.7228
446.684 2.65 -inf
457.088 2.66 -inf
467.735 2.67 -inf
478.63 2.68 -inf
489.779 2.69 -inf
501.187 2.7 -inf
512.861 2.71 -inf
524.807 2.72 -inf
537.032 2.73 -15.9339
549.541 2.74 -inf
562.341 2.75 -15.9139
575.44 2.76 -inf
588.844 2.77 -15.8939
602.56 2.78 -inf
616.595 2.79 -inf
630.957 2.8 -inf
645.654 2.81 -inf
660.693 2.82 -15.8439
676.083 2.83 -inf
691.831 2.84 -inf
707.946 2.85 -15.8139
724.436 2.86 -inf
741.31 2.87 -inf
758.578 2.88 -inf
776.247 2.89 -inf
794.328 2.9 -inf
812.831 2.91 -15.7539
831.764 2.92 -15.7439
851.138 2.93 -inf
870.964 2.94 -inf
891.251 2.95 -inf
912.011 2.96 -inf
933.254 2.97 -inf
954.993 2.98 -inf
977.237 2.99 -inf
1000 3 -inf
1023.29 3.01 -inf
1047.13 3.02 -inf
1071.52 3.03 -inf
1096.48 3.04 -inf
1122.02 3.05 -15.9149
1148.15 3.06 -inf
1174.9 3.07 -inf
1202.26 3.08 -inf
1230.27 3.09 -inf
1258.93 3.1 -15.8649
1288.25 3.11 -inf
1318.26 3.12 -inf
1348.96 3.13 -inf
1380.38 3.14 -15.8249
1412.54 3.15 -inf
1445.44 3.16 -inf
1479.11 3.17 -inf
1513.56 3.18 -inf
1548.82 3.19 -inf
1584.89 3.2 -inf
1621.81 3.21 -inf
1659.59 3.22 -15.7449
1698.24 3.23 -inf
1737.8 3.24 -15.7249
1778.28 3.25 -inf
1819.7 3.26 -inf
1862.09 3.27 -inf
1905.46 3.28 -inf
1949.84 3.29 -inf
1995.26 3.3 -inf
2041.74 3.31 -inf
2089.3 3.32 -15.9459
2137.96 3.33 -inf
2187.76 3.34 -15.9259
2238.72 3.35 -15.9159
2290.87 3.36 -inf
2344.23 3.37 -inf
2398.83 3.38 -inf
2454.71 3.39 -15.8759
2511.89 3.4 -inf
2570.4 3.41 -inf
2630.27 3.42 -15.8459
2691.53 3.43 -inf
2754.23 3.44 -inf
2818.38 3.45 -15.8159
2884.03 3.46 -inf
2951.21 3.47 -15.7959
3019.95 3.48 -inf
3090.3 3.49 -inf
3162.28 3.5 -inf
3235.94 3.51 -15.7559
3311.31 3.52 -inf
3388.44 3.53 -inf
3467.37 3.54 -inf
3548.13 3.55 -15.7159
3630.78 3.56 -15.7059
3715.35 3.57 -inf
3801.89 3.58 -inf
3890.45 3.59 -inf
3981.07 3.6 -inf
4073.8 3.61 -15.6559
4168.69 3.62 -15.9469
4265.8 3.63 -15.9369
4365.16 3.64 -inf
4466.84 3.65 -15.9169
4570.88 3.66 -15.9069
4677.35 3.67 -inf
4786.3 3.68 -inf
4897.79 3.69 -15.8769
5011.87 3.7 -inf
5128.61 3.71 -inf
5248.07 3.72 -inf
5370.32 3.73 -inf
5495.41 3.74 -15.8269
5623.41 3.75 -inf
5754.4 3.76 -15.8069
5888.44 3.77 -inf
6025.6 3.78 -15.7869
6165.95 3.79 -15.7769
6309.57 3.8 -15.7669
6456.54 3.81 -inf
6606.93 3.82 -inf
6760.83 3.83 -15.7369
6918.31 3.84 -inf
7079.46 3.85 -inf
7244.36 3.86 -inf
7413.1 3.87 -inf
7585.78 3.88 -inf
7762.47 3.89 -inf
7943.28 3.9 -inf
8128.31 3.91 -inf
8317.64 3.92 -15.948
8511.38 3.93 -inf
8709.64 3.94 -inf
8912.51 3.95 -inf
9120.11 3.96 -inf
9332.54 3.97 -inf
9549.93 3.98 -inf
9772.37 3.99 -inf
10000 4 -inf
10232.9 4.01 -inf
10471.3 4.02 -inf
10715.2 4.03 -15.838
10964.8 4.04 -inf
11220.2 4.05 -15.818
11481.5 4.06 -15.808
11749 4.07 -15.798
12022.6 4.08 -inf
12302.7 4.09 -15.778
12589.3 4.1 -inf
12882.5 4.11 -15.758
13182.6 4.12 -15.748
13489.6 4.13 -inf
13803.8 4.14 -inf
14125.4 4.15 -inf
14454.4 4.16 -inf
14791.1 4.17 -inf
15135.6 4.18 -15.688
15488.2 4.19 -15.678
15848.9 4.2 -inf
16218.1 4.21 -inf
16595.9 4.22 -15.949
16982.4 4.23 -15.939
17378 4.24 -inf
17782.8 4.25 -15.919
18197 4.26 -15.909
18620.9 4.27 -inf
19054.6 4.28 -inf
19498.4 4.29 -inf
19952.6 4.3 -inf
20417.4 4.31 -inf
20893 4.32 -inf
21379.6 4.33 -inf
21877.6 4.34 -inf
22387.2 4.35 -15.819
22908.7 4.36 -inf
23442.3 4.37 -inf
23988.3 4.38 -inf
24547.1 4.39 -inf
25118.9 4.4 -15.769
25704 4.41 -inf
26302.7 4.42 -15.749
26915.3 4.43 -15.739
27542.3 4.44 -inf
28183.8 4.45 -inf
28840.3 4.46 -15.709
29512.1 4.47 -inf
30199.5 4.48 -inf
30903 4.49 -15.679
31622.8 4.5 -inf
32359.4 4.51 -inf
33113.1 4.52 -inf
33884.4 4.53 -inf
34673.7 4.54 -inf
35481.3 4.55 -inf
36307.8 4.56 -inf
37153.5 4.57 -inf
38018.9 4.58 -inf
38904.5 4.59 -15.88
39810.7 4.6 -15.87
40738 4.61 -15.86
41686.9 4.62 -15.85
42658 4.63 -inf
43651.6 4.64 -15.83
44668.4 4.65 -inf
45708.8 4.66 -inf
46773.5 4.67 -inf
47863 4.68 -15.79
48977.9 4.69 -inf
50118.7 4.7 -inf
51286.1 4.71 -inf
52480.7 4.72 -inf
53703.2 4.73 -inf
54954.1 4.74 -inf
56234.1 4.75 -inf
57544 4.76 -inf
58884.4 4.77 -inf
60256 4.78 -15.69
61659.5 4.79 -inf
63095.7 4.8 -inf
64565.4 4.81 -inf
66069.3 4.82 -inf
67608.3 4.83 -inf
69183.1 4.84 -inf
70794.6 4.85 -15.9211
72443.6 4.86 -inf
74131 4.87 -15.9011
75857.8 4.88 -inf
77624.7 4.89 -inf
79432.8 4.9 -inf
81283.1 4.91 -inf
83176.4 4.92 -inf
85113.8 4.93 -inf
87096.4 4.94 -inf
89125.1 4.95 -inf
91201.1 4.96 -inf
93325.4 4.97 -inf
95499.3 4.98 -inf
97723.7 4.99 -inf
100000 5 -inf
102329 5.01 -inf
104713 5.02 -inf
107152 5.03 -15.7411
109648 5.04 -15.7311
112202 5.05 -15.7211
114815 5.06 -15.7111
117490 5.07 -inf
120226 5.08 -inf
123027 5.09 -inf
125893 5.1 -inf
128825 5.11 -inf
131826 5.12 -inf
134896 5.13 -inf
138038 5.14 -15.9321
141254 5.15 -inf
144544 5.16 -inf
147911 5.17 -inf
151356 5.18 -inf
154882 5.19 -inf
158489 5.2 -inf
162181 5.21 -inf
165959 5.22 -inf
169824 5.23 -inf
173780 5.24 -inf
177828 5.25 -inf
181970 5.26 -inf
186209 5.27 -15.8021
190546 5.28 -inf
194984 5.29 -inf
199526 5.3 -15.7721
204174 5.31 -inf
208930 5.32 -inf
213796 5.33 -inf
218776 5.34 -inf
223872 5.35 -inf
229087 5.36 -inf
234423 5.37 -inf
239883 5.38 -inf
245471 5.39 -inf
251189 5.4 -inf
257040 5.41 -inf
263027 5.42 -15.9531
269153 5.43 -inf
275423 5.44 -15.9331
281838 5.45 -inf
288403 5.46 -15.9131
295121 5.47 -inf
301995 5.48 -inf
309030 5.49 -15.8831
316228 5.5 -15.8731
323594 5.51 -15.8631
331131 5.52 -inf
338844 5.53 -inf
346737 5.54 -inf
354813 5.55 -inf
363078 5.56 -15.8131
371535 5.57 -15.8031
380189 5.58 -inf
389045 5.59 -inf
398107 5.6 -inf
407380 5.61 -inf
416869 5.62 -inf
426580 5.63 -inf
436516 5.64 -inf
446684 5.65 -15.7231
457088 5.66 -inf
467735 5.67 -inf
478630 5.68 -15.6931
489779 5.69 -inf
501187 5.7 -inf
512861 5.71 -inf
524807 5.72 -15.9542
537032 5.73 -inf
549541 5.74 -15.9342
562341 5.75 -15.9242
575440 5.76 -15.9142
588844 5.77 -15.9042
602560 5.78 -inf
616595 5.79 -inf
630957 5.8 -15.8742
645654 5.81 -inf
660693 5.82 -inf
676083 5.83 -inf
691831 5.84 -15.8342
707946 5.85 -15.8242
724436 5.86 -inf
741310 5.87 -15.8042
758578 5.88 -inf
776247 5.89 -inf
794328 5.9 -inf
812831 5.91 -inf
831764 5.92 -15.7542
851138 5.93 -inf
870964 5.94 -inf
891251 5.95 -inf
912011 5.96 -inf
933254 5.97 -inf
954993 5.98 -inf
977237 5.99 -inf
1e+06 6 -inf
1.02329e+06 6.01 -inf
1.04713e+06 6.02 -inf
1.07152e+06 6.03 -inf
1.09648e+06 6.04 -inf
1.12202e+06 6.05 -15.9252
1.14815e+06 6.06 -inf
1.1749e+06 6.07 -15.9052
1.20226e+06 6.08 -inf
1.23027e+06 6.09 -inf
1.25893e+06 6.1 -inf
1.28825e+06 6.11 -15.8652
1.31826e+06 6.12 -inf
1.34896e+06 6.13 -inf
1.38038e+06 6.14 -inf
1.41254e+06 6.15 -15.8252
1.44544e+06 6.16 -inf
1.47911e+06 6.17 -inf
1.51356e+06 6.18 -inf
1.54882e+06 6.19 -inf
1.58489e+06 6.2 -inf
1.62181e+06 6.21 -inf
1.65959e+06 6.22 -inf
1.69824e+06 6.23 -inf
1.7378e+06 6.24 -inf
1.77828e+06 6.25 -inf
1.8197e+06 6.26 -inf
1.86209e+06 6.27 -inf
1.90546e+06 6.28 -inf
1.94984e+06 6.29 -15.6852
1.99526e+06 6.3 -inf
2.04174e+06 6.31 -inf
2.0893e+06 6.32 -inf
2.13796e+06 6.33 -inf
2.18776e+06 6.34 -inf
2.23872e+06 6.35 -15.9262
2.29087e+06 6.36 -15.9162
2.34423e+06 6.37 -inf
2.39883e+06 6.38 -inf
2.45471e+06 6.39 -15.8862
2.51189e+06 6.4 -15.8762
2.5704e+06 6.41 -inf
2.63027e+06 6.42 -inf
2.69153e+06 6.43 -inf
2.75423e+06 6.44 -inf
2.81838e+06 6.45 -15.8262
2.88403e+06 6.46 -inf
2.95121e+06 6.47 -inf
3.01995e+06 6.48 -15.7962
3.0903e+06 6.49 -inf
3.16228e+06 6.5 -inf
3.23594e+06 6.51 -inf
3.31131e+06 6.52 -inf
3.38844e+06 6.53 -inf
3.46737e+06 6.54 -15.7362
3.54813e+06 6.55 -inf
3.63078e+06 6.56 -inf
3.71535e+06 6.57 -inf
3.80189e+06 6.58 -inf
3.89045e+06 6.59 -inf
3.98107e+06 6.6 -inf
4.0738e+06 6.61 -inf
4.16869e+06 6.62 -inf
4.2658e+06 6.63 -15.9472
4.36516e+06 6.64 -15.9372
4.46684e+06 6.65 -inf
4.57088e+06 6.66 -15.9172
4.67735e+06 6.67 -inf
4.7863e+06 6.68 -inf
4.89779e+06 6.69 -inf
5.01187e+06 6.7 -inf
5.12861e+06 6.71 -inf
5.24807e+06 6.72 -inf
5.37032e+06 6.73 -15.8472
5.49541e+06 6.74 -inf
5.62341e+06 6.75 -inf
5.7544e+06 6.76 -inf
5.88844e+06 6.77 -inf
6.0256e+06 6.78 -inf
6.16595e+06 6.79 -15.7872
6.30957e+06 6.8 -inf
6.45654e+06 6.81 -inf
6.60693e+06 6.82 -inf
6.76083e+06 6.83 -inf
6.91831e+06 6.84 -inf
7.07946e+06 6.85 -15.7272
7.24436e+06 6.86 -inf
7.4131e+06 6.87 -inf
7.58578e+06 6.88 -inf
7.76247e+06 6.89 -inf
7.94328e+06 6.9 -inf
8.12831e+06 6.91 -inf
8.31764e+06 6.92 -inf
8.51138e+06 6.93 -inf
8.70964e+06 6.94 -15.9383
8.91251e+06 6.95 -15.9283
9.12011e+06 6.96 -15.9183
9.33254e+06 6.97 -inf
9.54993e+06 6.98 -15.8983
9.77237e+06 6.99 -inf
1e+07 7 -inf
1.02329e+07 7.01 -inf
1.04713e+07 7.02 -15.8583
1.07152e+07 7.03 -15.8483
1.09648e+07 7.04 -inf
1.12202e+07 7.05 -15.8283
1.14815e+07 7.06 -15.8183
1.1749e+07 7.07 -inf
1.20226e+07 7.08 -inf
1.23027e+07 7.09 -inf
1.25893e+07 7.1 -inf
1.28825e+07 7.11 -inf
1.31826e+07 7.12 -inf
1.34896e+07 7.13 -inf
1.38038e+07 7.14 -inf
1.41254e+07 7.15 -inf
1.44544e+07 7.16 -inf
1.47911e+07 7.17 -inf
1.51356e+07 7.18 -inf
1.54882e+07 7.19 -inf
1.58489e+07 7.2 -inf
1.62181e+07 7.21 -inf
1.65959e+07 7.22 -inf
1.69824e+07 7.23 -inf
1.7378e+07 7.24 -inf
1.77828e+07 7.25 -15.9293
1.8197e+07 7.26 -inf
1.86209e+07 7.27 -15.9093
1.90546e+07 7.28 -15.8993
1.94984e+07 7.29 -15.8893
1.99526e+07 7.3 -inf
2.04174e+07 7.31 -inf
2.0893e+07 7.32 -15.8593
2.13796e+07 7.33 -inf
2.18776e+07 7.34 -15.8393
2.23872e+07 7.35 -inf
2.29087e+07 7.36 -inf
2.34423e+07 7.37 -inf
2.39883e+07 7.38 -inf
2.45471e+07 7.39 -inf
2.51189e+07 7.4 -inf
2.5704e+07 7.41 -inf
2.63027e+07 7.42 -inf
2.69153e+07 7.43 -inf
2.75423e+07 7.44 -inf
2.81838e+07 7.45 -inf
2.88403e+07 7.46 -inf
2.95121e+07 7.47 -inf
3.01995e+07 7.48 -inf
3.0903e+07 7.49 -inf
3.16228e+07 7.5 -inf
3.23594e+07 7.51 -inf
3.31131e+07 7.52 -inf
3.38844e+07 7.53 -15.9503
3.46737e+07 7.54 -15.9403
3.54813e+07 7.55 -inf
3.63078e+07 7.56 -inf
3.71535e+07 7.57 -inf
3.80189e+07 7.58 -15.9003
3.89045e+07 7.59 -inf
3.98107e+07 7.6 -15.8803
4.0738e+07 7.61 -inf
4.16869e+07 7.62 -15.8603
4.2658e+07 7.63 -inf
4.36516e+07 7.64 -inf
4.46684e+07 7.65 -15.8303
4.57088e+07 7.66 -15.8203
4.67735e+07 7.67 -15.8103
4.7863e+07 7.68 -inf
4.89779e+07 7.69 -inf
5.01187e+07 7.7 -inf
5.12861e+07 7.71 -inf
5.24807e+07 7.72 -inf
5.37032e+07 7.73 -15.7503
5.49541e+07 7.74 -inf
5.62341e+07 7.75 -inf
5.7544e+07 7.76 -15.7203
5.88844e+07 7.77 -15.7103
6.0256e+07 7.78 -inf
6.16595e+07 7.79 -inf
6.30957e+07 7.8 -inf
6.45654e+07 7.81 -inf
6.60693e+07 7.82 -inf
6.76083e+07 7.83 -inf
6.91831e+07 7.84 -inf
7.07946e+07 7.85 -15.9314
7.24436e+07 7.86 -15.9214
7.4131e+07 7.87 -inf
7.58578e+07 7.88 -inf
7.76247e+07 7.89 -inf
7.94328e+07 7.9 -inf
8.12831e+07 7.91 -15.8714
8.31764e+07 7.92 -inf
8.51138e+07 7.93 -15.8514
8.70964e+07 7.94 -15.8414
8.91251e+07 7.95 -15.8314
9.12011e+07 7.96 -15.8214
9.33254e+07 7.97 -inf
9.54993e+07 7.98 -15.8014
9.77237e+07 7.99 -inf
1e+08 8 -inf
1.02329e+08 8.01 -inf
1.04713e+08 8.02 -inf
1.07152e+08 8.03 -inf
1.09648e+08 8.04 -inf
1.12202e+08 8.05 -inf
1.14815e+08 8.06 -inf
1.1749e+08 8.07 -15.7114
1.20226e+08 8.08 -inf
1.23027e+08 8.09 -inf
1.25893e+08 8.1 -inf
1.28825e+08 8.11 -inf
1.31826e+08 8.12 -inf
1.34896e+08 8.13 -15.9524
1.38038e+08 8.14 -inf
1.41254e+08 8.15 -15.9324
1.44544e+08 8.16 -inf
1.47911e+08 8.17 -inf
1.51356e+08 8.18 -inf
1.54882e+08 8.19 -inf
1.58489e+08 8.2 -inf
1.62181e+08 8.21 -inf
1.65959e+08 8.22 -15.8624
1.69824e+08 8.23 -15.8524
1.7378e+08 8.24 -inf
1.77828e+08 8.25 -inf
1.8197e+08 8.26 -inf
1.86209e+08 8.27 -inf
1.90546e+08 8.28 -15.8024
1.94984e+08 8.29 -inf
1.99526e+08 8.3 -inf
2.04174e+08 8.31 -15.7724
2.0893e+08 8.32 -inf
2.13796e+08 8.33 -inf
2.18776e+08 8.34 -inf
2.23872e+08 8.35 -inf
2.29087e+08 8.36 -inf
2.34423e+08 8.37 -15.7124
2.39883e+08 8.38 -inf
2.45471e+08 8.39 -inf
2.51189e+08 8.4 -inf
2.5704e+08 8.41 -inf
2.63027e+08 8.42 -inf
2.69153e+08 8.43 -inf
2.75423e+08 8.44 -inf
2.81838e+08 8.45 -15.9334
2.88403e+08 8.46 -15.9234
2.95121e+08 8.47 -15.9134
3.01995e+08 8.48 -inf
3.0903e+08 8.49 -inf
3.16228e+08 8.5 -15.8834
3.23594e+08 8.51 -inf
3.31131e+08 8.52 -inf
3.38844e+08 8.53 -inf
3.46737e+08 8.54 -inf
3.54813e+08 8.55 -inf
3.63078e+08 8.56 -inf
3.71535e+08 8.57 -15.8134
3.80189e+08 8.58 -inf
3.89045e+08 8.59 -inf
3.98107e+08 8.6 -inf
4.0738e+08 8.61 -inf
4.16869e+08 8.62 -15.7634
4.2658e+08 8.63 -inf
4.36516e+08 8.64 -15.7434
4.46684e+08 8.65 -15.7334
4.57088e+08 8.66 -inf
4.67735e+08 8.67 -inf
4.7863e+08 8.68 -15.7034
4.89779e+08 8.69 -15.6934
5.01187e+08 8.7 -inf
5.12861e+08 8.71 -inf
5.24807e+08 8.72 -inf
5.37032e+08 8.73 -inf
5.49541e+08 8.74 -inf
5.62341e+08 8.75 -inf
5.7544e+08 8.76 -15.9245
5.88844e+08 8.77 -15.9145
6.0256e+08 8.78 -inf
6.16595e+08 8.79 -inf
6.30957e+08 8.8 -inf
6.45654e+08 8.81 -15.8745
6.60693e+08 8.82 -inf
6.76083e+08 8.83 -inf
6.91831e+08 8.84 -inf
7.07946e+08 8.85 -15.8345
7.24436e+08 8.86 -inf
7.4131e+08 8.87 -inf
7.58578e+08 8.88 -inf
7.76247e+08 8.89 -inf
7.94328e+08 8.9 -15.7845
8.12831e+08 8.91 -inf
8.31764e+08 8.92 -15.7645
8.51138e+08 8.93 -inf
8.70964e+08 8.94 -inf
8.91251e+08 8.95 -inf
9.12011e+08 8.96 -15.7245
9.33254e+08 8.97 -15.7145
9.54993e+08 8.98 -inf
9.77237e+08 8.99 -inf
